60 48
0 33 43 62 29 0 8 52 56 56 19 11 51 43 5 8 93 30 66 69 32 17 47 72 68 80 23 49 92 64 69 51 27 90 24 35 20 44 10 62 84 63 1 10 36 76 31 29
97 75 91 90 44 34 25 29 30 27 26 43 34 4 60 49 20 56 32 72 13 90 9 19 5 95 49 27 19 97 24 96 49 56 84 93 45 7 6 9 54 52 65 83 38 1 90 30
37 95 56 63 11 27 42 6 68 12 1 10 80 58 71 31 14 47 64 97 25 38 31 18 87 51 87 13 79 95 50 50 13 62 34 73 47 21 30 40 57 78 26 3 97 8 93 88
38 85 93 88 20 11 46 87 10 9 87 68 3 73 0 74 5 83 52 70 87 2 10 5 10 0 96 42 85 60 47 24 31 58 86 19 0 15 55 82 74 61 6 2 68 65 70 18
23 89 6 19 30 55 32 93 74 95 10 73 55 30 95 45 5 94 48 73 53 74 60 41 56 44 43 40 37 79 35 49 29 10 7 17 55 87 73 26 45 12 72 95 53 53 83 17
55 17 76 77 76 99 54 28 2 61 55 70 16 94 81 30 80 4 86 59 7 54 79 2 65 53 32 36 32 63 17 7 83 10 67 16 46 19 28 71 7 56 20 53 28 54 30 77
48 20 4 14 10 19 25 98 31 1 9 51 22 17 52 24 95 71 53 25 78 16 42 97 88 32 17 4 43 95 49 7 36 2 67 45 63 40 98 96 51 7 67 97 78 50 9 30
60 16 61 93 9 53 98 30 34 43 89 88 31 92 1 74 94 93 65 49 65 37 58 41 48 43 29 15 89 9 88 54 43 1 71 16 64 77 12 5 11 12 82 92 23 1 24 4
37 2 4 63 91 73 75 6 59 26 96 59 63 58 77 84 47 56 48 5 54 94 59 30 23 83 24 47 2 47 76 49 92 88 4 33 58 42 14 67 28 6 91 0 92 18 98 18
68 75 79 19 63 96 79 16 66 40 32 30 14 55 71 11 79 96 0 16 3 93 55 28 81 5 29 37 97 86 57 77 82 54 6 57 29 80 41 66 52 33 60 90 16 32 6 14
85 47 27 35 58 83 10 42 74 4 71 72 5 80 71 79 17 81 80 91 75 0 46 32 68 58 26 78 66 68 54 3 63 22 11 93 48 57 31 19 12 92 32 20 23 38 9 52
22 28 76 52 17 23 2 4 36 50 35 25 28 64 26 65 75 4 64 73 58 24 21 29 77 24 26 4 51 37 38 25 79 19 75 88 97 20 78 66 97 55 74 28 2 76 79 82
76 61 27 91 82 74 61 42 97 33 5 18 75 38 20 57 39 88 71 27 56 68 64 70 79 67 38 11 6 46 78 70 10 84 42 96 8 71 68 76 7 12 48 17 57 18 54 90
53 39 49 84 11 74 21 36 28 85 93 67 43 31 54 39 83 83 84 15 96 88 34 51 22 13 89 25 85 97 76 15 49 40 13 88 22 79 82 40 66 46 0 63 22 78 45 36
57 99 85 71 17 92 32 98 31 45 84 86 35 2 4 50 77 87 95 92 78 37 87 19 15 87 57 53 53 88 83 85 75 89 9 53 95 97 69 70 68 38 98 83 44 91 0 42
53 85 2 89 45 19 90 44 69 42 60 97 0 77 25 83 78 50 3 94 80 59 56 26 20 75 96 48 17 8 26 45 82 34 66 36 45 4 43 25 55 69 59 23 79 82 7 39
56 23 18 35 97 53 8 69 34 85 20 6 14 80 70 79 62 75 71 14 44 63 26 43 75 23 57 11 18 61 72 11 66 23 39 74 10 2 22 45 22 36 33 47 34 78 11 9
13 37 17 13 50 3 69 87 91 49 55 5 29 68 29 52 11 50 70 45 91 90 74 64 17 58 53 16 74 83 16 7 8 94 56 63 90 49 95 82 6 49 23 49 53 64 39 64
2 73 43 11 59 47 69 76 52 33 4 48 89 65 10 2 97 66 22 83 28 80 45 95 17 49 19 26 29 78 36 83 74 48 38 6 13 92 91 19 90 16 48 63 17 17 41 48
98 86 22 7 25 94 24 47 83 18 47 90 38 64 95 41 77 17 32 15 10 25 85 14 71 6 53 40 98 44 9 5 23 77 80 80 68 58 70 96 51 43 66 38 73 31 52 34
81 62 98 1 39 98 11 84 73 58 16 43 78 74 37 29 15 71 67 57 35 55 92 48 4 91 64 78 8 55 67 73 25 1 26 65 87 99 24 16 49 10 53 23 58 53 2 55
59 6 87 57 3 82 84 87 10 42 70 61 86 1 48 97 75 41 18 80 76 15 33 54 94 55 70 92 22 53 1 23 78 90 20 42 67 52 90 82 75 59 92 72 42 11 62 94
16 75 24 84 6 79 73 7 66 66 42 77 81 74 34 86 17 92 98 48 57 53 20 14 20 11 5 30 89 78 3 17 15 55 60 5 53 54 11 39 69 31 4 34 86 35 16 45
65 27 76 34 0 79 2 59 51 70 45 53 47 51 18 13 83 61 30 20 65 79 41 75 67 43 47 57 20 96 16 46 87 47 1 69 43 32 78 47 46 35 64 47 52 9 95 27
2 21 13 90 17 36 23 86 17 51 40 27 31 86 17 25 47 18 38 29 25 99 71 89 54 80 51 32 73 39 19 10 90 42 62 47 54 84 17 97 17 66 36 15 47 8 17 65
61 40 70 0 0 34 35 85 77 30 81 79 23 92 62 83 38 88 18 75 56 66 28 4 31 35 87 58 94 63 92 9 50 62 49 73 7 8 67 78 89 94 46 91 86 80 28 34
70 60 35 85 69 95 87 26 55 31 66 10 60 31 98 93 79 90 92 81 99 27 39 42 81 92 97 77 58 41 71 10 92 40 67 99 8 19 10 68 56 58 87 33 68 37 32 56
12 28 23 34 78 15 38 55 2 93 8 65 1 1 66 6 58 52 80 13 63 36 34 42 78 60 20 90 76 26 3 21 69 69 14 99 3 94 38 60 0 51 89 11 43 63 7 57
5 40 17 90 72 44 75 41 16 10 31 49 1 0 60 61 1 60 47 1 11 11 42 52 42 16 20 64 11 81 5 94 44 51 87 11 91 94 14 19 77 75 77 0 86 14 81 22
72 69 97 50 16 45 22 94 63 31 50 34 4 78 67 2 30 23 76 16 25 50 37 86 97 43 54 94 49 48 25 20 44 10 6 32 11 47 43 9 82 82 46 25 90 58 28 58
70 98 61 42 54 12 51 97 55 75 98 23 16 94 61 67 56 83 0 84 13 40 57 65 50 53 80 43 72 21 34 53 8 32 72 33 11 67 84 96 46 22 90 97 39 86 91 62
69 58 47 78 0 53 89 93 27 28 46 43 30 59 13 1 41 87 46 54 41 13 33 82 33 30 22 30 42 78 10 94 73 3 28 75 4 26 71 38 16 78 54 39 90 26 11 4
23 91 40 53 64 43 47 55 16 87 4 12 80 41 30 46 21 77 3 73 79 64 31 92 98 13 20 29 89 47 49 42 95 29 77 62 39 33 25 14 16 60 95 39 58 7 1 93
16 65 79 24 78 82 65 86 65 17 46 44 66 36 88 95 27 99 29 91 26 62 3 19 70 32 85 6 31 5 81 1 61 18 43 69 72 81 30 66 34 92 60 52 84 29 93 23
87 53 65 74 63 42 21 69 20 86 16 6 1 88 97 0 2 94 22 91 59 72 88 44 77 59 66 47 84 87 6 93 53 67 47 57 15 27 56 77 9 91 51 96 93 72 81 39
49 64 41 15 42 66 2 42 32 66 49 90 71 70 43 16 56 11 6 7 86 41 14 4 95 97 4 22 30 99 13 33 43 42 17 17 62 85 72 56 80 97 11 61 18 57 39 91
70 60 20 86 96 4 63 25 50 97 49 24 4 40 92 20 21 73 25 22 11 0 89 5 95 70 19 8 78 1 11 29 85 35 50 63 70 30 22 0 79 86 94 64 99 7 37 34
22 47 11 54 77 69 14 61 0 55 94 4 45 96 18 75 28 5 25 38 32 47 45 63 66 15 0 24 68 72 26 20 64 44 11 29 87 93 96 22 20 97 36 50 74 34 86 67
43 85 75 51 25 39 32 54 86 49 62 85 97 45 70 91 59 64 18 7 54 83 28 51 73 26 92 79 11 67 44 88 40 21 13 66 70 99 19 64 3 61 97 2 53 87 92 14
51 15 57 81 8 3 89 50 28 22 61 92 17 45 69 95 49 95 16 36 93 24 3 27 26 38 26 4 37 5 45 61 62 35 31 75 77 93 35 13 86 76 70 72 29 66 46 40
39 92 45 71 8 55 81 61 88 43 44 81 16 17 2 71 24 83 6 53 85 75 2 56 20 31 33 13 56 23 78 5 29 56 88 60 16 79 49 48 15 98 20 31 83 62 90 17
99 92 14 64 49 76 9 61 57 92 0 61 1 32 59 65 69 99 13 81 42 71 13 45 83 44 71 56 8 1 49 82 71 76 73 83 10 0 44 98 69 94 18 18 90 89 10 38
67 73 58 29 19 17 55 60 53 62 16 19 6 86 37 81 15 29 7 36 41 22 55 52 8 8 98 53 21 76 26 55 87 29 77 68 97 80 44 40 82 97 11 78 25 6 97 27
51 75 12 54 87 74 67 71 43 81 35 12 85 75 1 28 14 63 54 95 52 52 74 15 10 42 57 55 60 95 30 16 28 6 33 29 80 66 93 65 90 93 97 11 54 82 82 31
49 3 7 39 76 45 93 68 47 8 47 70 41 49 69 31 9 80 75 40 0 49 69 95 15 28 60 82 97 50 10 34 97 44 68 83 34 16 12 42 25 79 48 58 87 78 52 65
27 9 40 86 76 45 68 21 12 7 91 85 4 46 17 69 94 53 6 31 92 55 44 63 36 72 24 87 88 88 96 66 52 55 28 40 71 76 62 32 25 83 24 33 72 36 47 63
26 98 42 0 29 72 61 1 21 8 8 64 54 8 24 77 98 75 5 33 23 58 46 60 44 66 45 35 54 83 34 24 4 62 71 88 84 58 56 7 93 44 88 2 81 48 55 91
75 9 41 97 57 98 49 10 28 96 16 58 40 62 49 80 58 4 19 12 74 41 16 74 75 25 84 90 57 98 79 14 53 33 77 24 7 4 43 51 31 5 13 31 98 25 58 0
3 43 35 15 83 69 72 12 72 76 95 80 43 21 59 17 23 51 47 25 87 36 52 93 48 91 69 61 47 64 65 8 4 95 93 35 76 55 44 87 30 4 27 20 47 74 73 59
6 53 9 43 18 99 43 32 58 77 10 34 64 60 39 20 84 26 4 7 21 62 78 31 50 5 35 37 91 29 72 91 97 85 54 8 89 0 25 94 80 44 47 14 87 20 36 27
89 23 71 78 92 59 52 53 66 32 91 98 48 16 12 20 87 84 88 6 93 67 11 15 26 70 3 55 71 92 39 13 50 69 38 50 60 69 87 2 23 20 4 95 32 65 84 81
75 98 40 20 95 87 23 79 99 97 64 12 69 71 68 11 27 30 95 22 37 29 9 66 83 6 81 22 85 97 43 93 23 20 95 90 80 39 16 32 0 68 75 7 13 21 35 78
31 10 41 75 75 14 6 74 68 84 14 66 56 87 33 33 98 48 70 53 65 29 83 79 77 58 14 49 23 35 43 22 27 42 91 27 91 94 11 32 92 7 88 43 80 41 3 9
59 98 76 1 91 8 83 5 43 8 3 21 63 83 16 10 29 94 43 80 61 43 75 65 72 47 90 4 19 28 29 51 94 70 85 82 21 93 83 5 66 88 24 92 53 98 40 40
20 15 35 79 85 86 34 92 76 72 88 32 48 46 8 85 42 73 17 17 63 42 96 47 20 21 13 25 0 26 31 50 40 72 66 37 78 67 51 96 72 25 67 97 76 62 46 63
21 57 72 81 99 80 66 37 95 34 43 69 45 32 17 55 17 87 98 16 23 79 13 29 45 96 50 79 85 33 29 80 56 93 34 95 55 84 38 68 67 57 63 47 82 92 5 51
23 27 15 55 74 12 96 2 43 28 9 16 55 13 17 80 2 88 72 31 29 39 66 0 72 23 57 97 95 11 1 60 49 41 80 80 65 5 68 57 42 43 36 12 49 66 17 77
22 33 73 9 90 88 94 79 31 80 27 0 76 83 40 47 50 47 94 79 1 59 62 70 23 47 63 17 41 85 8 93 21 23 0 3 60 99 49 11 39 49 91 23 70 95 15 88
25 83 78 52 9 12 17 16 18 31 5 13 61 94 3 42 67 47 63 41 29 93 71 37 50 79 18 14 86 76 99 92 53 68 84 58 86 76 28 13 38 70 8 13 68 3 99 8
47 43 74 95 93 80 25 45 22 50 42 38 48 34 11 23 72 15 88 63 82 99 45 67 69 58 62 94 22 16 75 91 38 76 27 96 38 7 59 7 79 45 7 19 16 85 84 21
