no
no
no
no
no
no
no
no
no
no
no
no
no
no
yes
no
no
no
yes
no
no
no
no
no
no
no
no
no
no
no
no
no
no
no
no
no
no
no
yes
no
 2 6 23 30 33 36 39 50 57 73 80 81 88 125 127 133 137 139 142 144 150 153 154 171 172 173 176 188 189 190 204 205 207 209 211 222 224 228 234 236 250 253 255 259 261 269 270 272 278 289 290 292 294 298 303 314 325 335 338 346 347 355 365 372 375 379 386 404 412 417 428 429 431 435 438 443 458 459 478 483 486 493 497 499 500 503 516 518 522 524 528 529 532 535 536 552 556 563 567 569 573 574 580 593 596 599 606 610 613 614 620 622 625 627 629 637 639 640 647 653 658 661 667 672 677 682 685 690 699 701 710 714 723 729 740 753 754 762 768 769 770 776 783 794 795 797 811 818 819 821 826 842 851 856 857 858 865 872 882 884 890 892 898 900 904 907 918 924 925 951 958 964 971 977 982 987 988 990 994 996
 907 127 6 2 23 80 50 30 33 39 36 57 73 125 81 88 176 154 153 133 139 137 142 150 144 173 172 171 723 431 250 189 188 190 222 211 207 205 204 209 234 224 228 236 290 272 255 253 261 259 269 270 289 278 429 338 294 292 303 298 335 325 314 372 365 346 355 347 386 379 375 428 404 417 412 499 458 435 438 443 478 459 497 483 493 486 685 593 503 500 567 556 532 524 522 518 516 529 528 535 552 536 563 573 569 574 580 610 596 599 606 640 614 613 622 620 625 639 637 627 629 661 658 653 647 682 677 667 672 699 690 701 710 714 857 729 794 753 740 762 754 776 770 768 769 783 819 818 811 797 795 821 856 851 842 826 904 858 898 884 872 865 882 890 892 900 958 918 925 924 951 990 987 977 971 964 982 988 994 996
