1000
656 394 945
7 298 195
596 990 416
134 519 995
907 589 561
985 641 361
504 751 185
247 729 386
566 627 948
42 38 357
77 46 750
373 52 399
919 999 388
334 133 906
328 39 846
889 376 486
249 231 588
785 477 668
170 42 646
117 435 684
473 863 81
574 235 484
324 505 482
711 838 614
968 166 5
813 406 380
650 654 610
590 438 257
959 831 903
428 617 938
252 479 18
826 65 501
149 921 982
212 758 948
531 923 304
344 328 683
345 333 644
934 122 433
543 81 263
445 508 231
734 111 61
751 936 125
603 437 45
936 1000 154
883 530 429
538 225 108
220 922 441
215 207 914
999 749 346
261 545 205
491 278 316
551 380 251
27 982 39
423 918 390
929 152 272
357 690 496
464 261 769
256 828 976
170 826 724
515 439 269
720 929 898
35 832 278
637 210 259
28 985 528
769 913 32
40 269 73
888 84 685
656 340 512
631 861 338
707 375 128
327 446 408
224 832 239
501 821 801
112 848 785
991 968 49
22 8 317
446 247 400
131 902 91
642 885 951
331 943 326
458 269 123
866 844 955
456 697 775
256 160 974
392 150 941
440 524 300
108 969 546
508 99 800
950 93 684
901 775 626
578 233 246
700 450 89
6 905 785
132 513 944
457 256 446
398 696 969
49 155 289
595 14 740
394 964 184
429 864 958
54 441 542
651 492 991
739 850 248
876 981 112
171 438 367
968 187 414
288 235 569
577 181 582
668 574 897
851 2 760
160 407 552
702 57 396
44 148 245
643 375 225
106 897 14
825 865 200
590 152 787
158 80 967
92 99 893
988 949 246
100 461 5
651 514 413
398 909 912
642 552 286
219 9 535
232 833 399
784 423 902
922 932 982
240 375 80
484 715 381
730 814 193
86 816 706
498 214 966
410 855 869
47 73 878
581 657 62
331 792 484
233 713 768
566 304 142
997 788 856
729 517 21
921 954 837
978 451 50
944 212 256
812 611 681
41 191 689
103 874 480
586 458 544
705 375 847
847 371 986
54 452 502
75 724 807
263 54 258
664 997 821
919 160 431
951 201 974
639 303 847
470 240 304
365 297 678
212 143 400
549 548 851
51 974 927
209 236 980
466 251 976
287 522 487
717 472 39
690 463 341
888 932 933
543 297 229
220 860 723
972 408 622
174 810 948
100 19 535
79 836 786
406 474 307
245 191 778
283 232 592
976 472 524
260 14 172
840 586 383
562 557 142
535 82 952
482 182 322
17 612 509
802 370 983
460 614 525
589 248 108
181 575 579
56 834 593
579 673 178
961 586 86
102 121 167
405 954 700
78 970 312
587 123 33
569 934 998
93 523 597
200 55 172
779 110 5
723 688 30
252 1000 615
337 453 87
855 858 41
555 287 362
218 873 837
250 441 770
599 885 644
195 437 698
366 567 159
371 289 846
752 540 197
366 228 650
805 82 859
845 636 145
558 853 18
746 454 810
516 52 47
511 599 483
209 964 49
367 686 689
565 437 228
761 803 455
762 607 888
620 803 524
765 712 728
134 458 182
295 325 585
693 835 183
527 395 499
575 114 184
615 678 621
194 790 775
648 552 733
888 523 887
411 639 950
138 124 407
671 419 83
256 463 270
790 990 664
288 916 777
824 531 806
796 724 948
570 724 851
654 611 373
892 21 12
841 510 135
600 181 905
682 788 368
951 929 709
967 217 624
95 40 154
901 835 878
848 756 601
50 761 563
422 4 583
785 196 444
920 795 624
176 829 763
895 131 692
603 97 260
579 192 651
732 444 837
961 643 944
913 692 704
475 113 59
57 898 254
501 169 49
476 696 229
239 943 359
282 897 456
541 475 999
191 559 442
379 519 84
322 432 127
377 906 239
435 315 488
688 815 8
88 642 56
316 232 998
27 513 246
482 405 721
480 595 631
273 973 149
356 294 580
834 22 486
72 456 152
912 496 966
271 583 959
678 251 191
27 277 703
273 110 108
345 941 54
975 213 379
123 920 24
55 753 46
892 176 501
43 439 348
360 62 931
318 739 533
508 766 161
563 38 622
22 734 562
75 60 126
805 534 45
829 588 149
226 831 676
78 873 115
426 584 528
708 254 266
592 761 31
752 675 420
373 696 505
286 123 564
411 279 98
807 459 37
955 684 868
982 114 92
96 539 676
623 246 929
241 837 41
623 940 68
43 664 115
899 949 237
463 359 868
912 165 326
948 471 362
815 452 475
259 900 13
934 874 610
214 114 798
606 89 737
673 483 752
788 381 700
376 195 410
595 106 926
921 54 748
282 220 199
756 478 450
120 763 324
729 328 789
878 934 229
966 958 711
717 97 92
768 825 286
177 419 392
102 339 797
849 972 16
399 79 846
849 198 608
524 278 288
664 507 221
893 472 178
603 188 627
46 955 451
684 483 869
427 584 560
223 784 883
590 535 962
787 735 511
747 610 141
34 273 647
254 517 471
783 472 10
761 869 317
211 552 799
432 978 735
343 552 870
225 494 404
538 280 138
401 26 747
541 59 372
539 664 888
361 799 711
371 559 580
687 770 483
485 201 461
571 543 364
441 119 857
844 657 137
334 57 162
80 949 573
803 839 236
691 200 34
753 922 593
684 608 714
167 444 914
627 15 808
990 807 926
199 650 934
335 342 848
415 642 420
217 481 8
259 32 393
364 953 985
47 912 50
213 707 315
191 73 122
533 879 400
731 881 685
417 215 27
264 981 668
36 550 500
43 160 883
787 523 835
124 922 98
173 134 805
488 677 877
961 209 108
712 291 988
397 707 202
775 970 535
442 357 84
294 399 595
176 186 118
363 661 39
460 833 524
616 320 552
493 633 760
600 344 402
939 740 108
492 866 430
26 308 786
461 953 537
56 128 74
525 490 734
915 302 566
790 917 238
342 761 870
453 712 213
855 650 305
962 494 170
743 519 829
529 332 133
65 739 261
138 263 102
871 177 755
788 966 672
25 659 784
246 112 496
811 966 497
467 279 990
988 22 861
817 902 192
301 966 930
913 455 544
15 677 72
769 464 37
792 841 48
576 86 159
423 896 476
919 714 106
909 702 479
121 518 380
312 170 697
593 83 503
136 97 179
559 217 995
595 361 835
994 936 272
152 710 520
979 628 233
85 888 934
915 8 803
295 671 973
343 615 55
846 102 503
376 660 71
370 607 431
556 600 718
180 104 427
51 82 407
283 518 294
569 433 302
371 79 324
695 421 939
101 618 40
955 346 700
26 715 306
808 623 905
878 154 8
304 204 442
710 486 959
356 54 391
657 777 469
980 823 242
270 924 859
310 878 204
9 255 271
666 63 245
922 940 398
930 595 953
371 305 438
329 12 844
72 668 972
892 999 794
133 621 69
344 930 947
899 290 201
521 955 615
117 876 554
866 157 149
818 879 805
608 560 816
451 631 835
774 522 185
919 7 805
988 350 86
286 600 375
838 121 681
453 589 557
358 455 65
506 272 944
662 879 503
829 681 485
15 454 6
552 725 364
356 712 65
794 349 665
168 186 137
201 638 725
757 996 531
173 853 803
116 867 33
970 695 714
454 62 519
812 613 243
175 320 306
240 113 654
256 633 192
744 833 829
820 941 176
351 113 381
505 581 599
537 550 645
250 4 706
121 815 670
715 341 990
373 580 454
26 187 438
217 930 270
398 750 562
925 100 27
657 604 607
255 492 508
900 94 511
957 214 677
627 280 18
616 652 597
69 30 136
507 246 65
128 995 814
42 272 265
68 928 220
26 535 712
533 434 157
44 390 370
720 16 649
89 983 301
38 404 330
173 262 927
237 389 274
403 430 897
19 849 824
591 874 710
654 407 143
810 802 885
531 873 252
179 962 235
831 999 638
512 171 251
791 759 639
416 513 421
312 884 621
487 474 495
197 127 253
691 288 54
927 818 926
179 348 239
765 179 237
754 42 759
4 184 870
994 599 734
766 262 617
387 749 442
881 297 568
485 987 207
538 266 24
815 444 372
54 208 902
642 313 295
753 316 479
974 309 429
707 75 43
324 813 791
765 45 439
685 529 777
243 418 42
267 232 837
990 637 396
243 631 708
537 735 23
367 708 684
148 766 110
190 441 922
332 558 966
770 242 494
898 836 911
940 454 494
776 443 483
172 37 465
231 926 199
606 644 258
289 791 23
398 332 464
319 663 21
636 784 614
129 682 449
391 973 903
884 100 697
718 623 734
182 854 659
380 459 302
637 99 445
12 496 776
475 166 791
847 801 926
460 281 607
260 671 931
514 906 31
211 624 5
296 805 858
306 537 668
959 525 766
403 536 613
531 362 778
321 208 930
246 19 210
205 631 232
487 144 138
869 706 761
874 1 917
731 658 453
751 617 978
516 371 865
129 901 227
258 573 434
188 171 805
749 727 435
981 213 930
470 82 636
582 955 988
498 37 646
303 787 614
632 655 984
496 135 885
74 392 809
860 931 979
664 32 705
450 12 918
379 833 351
14 414 657
2 263 45
999 917 184
964 548 838
947 396 972
183 469 715
992 328 646
970 343 677
675 792 40
944 171 872
646 536 637
302 889 251
346 239 168
529 202 67
718 149 462
41 331 283
756 322 610
753 644 305
781 670 96
820 965 618
43 610 154
31 263 394
281 960 633
448 841 834
515 558 982
328 599 665
610 706 338
572 458 981
876 238 2
323 409 966
293 451 927
798 833 189
191 113 501
823 561 341
657 427 250
990 754 200
654 364 905
992 287 714
324 162 303
326 836 711
643 128 513
922 277 345
110 468 458
962 642 370
302 298 148
552 640 901
103 645 616
8 988 902
73 312 415
376 989 603
438 983 730
951 904 7
647 366 826
456 327 467
177 981 117
324 884 756
577 986 400
544 993 388
446 418 51
212 793 391
814 230 373
896 532 277
254 179 642
431 986 320
897 163 300
365 486 183
120 62 169
872 606 513
611 403 930
13 966 74
403 132 656
775 379 187
403 632 717
44 414 703
716 310 865
15 675 702
550 146 116
718 369 73
582 331 827
864 343 792
937 745 923
592 872 301
131 274 284
847 670 697
549 385 359
765 751 385
467 300 530
582 369 251
654 951 581
480 166 924
623 102 20
546 46 891
198 528 165
834 374 882
275 218 592
39 320 976
505 620 858
438 988 108
91 938 40
570 455 963
545 909 983
90 954 873
639 833 389
824 206 222
58 480 791
649 871 111
625 375 730
834 813 69
293 255 359
332 177 813
647 721 629
162 26 853
152 858 242
976 64 815
385 895 958
33 765 420
9 492 149
842 656 569
486 910 927
818 438 740
464 158 812
444 319 838
296 471 47
889 798 462
704 182 357
13 214 473
432 575 316
932 768 971
500 254 233
427 71 670
518 886 828
681 329 498
870 976 320
917 865 117
378 920 650
86 932 216
911 715 790
226 646 557
549 145 162
133 923 584
154 792 469
333 473 149
831 342 125
150 610 341
619 340 612
268 425 895
483 687 609
624 265 254
533 165 750
694 297 673
278 450 816
98 783 288
247 965 982
723 466 943
415 436 282
378 704 707
624 538 745
232 162 9
837 46 173
938 739 469
610 368 271
426 466 405
65 64 369
398 138 186
341 904 622
622 281 677
680 904 214
425 487 727
433 675 772
606 612 863
426 574 230
696 351 47
452 767 462
172 165 599
358 505 502
979 478 134
655 158 389
220 582 227
299 366 901
422 323 865
284 749 790
866 796 492
264 248 258
726 419 422
324 128 278
178 106 756
663 112 265
52 332 198
278 982 563
531 403 886
747 687 986
536 904 781
27 167 380
284 892 151
58 568 278
687 745 736
794 407 847
410 810 530
607 88 511
522 970 914
759 716 952
744 603 855
876 981 21
608 616 913
758 25 832
387 712 928
122 857 334
969 267 496
498 873 935
361 394 904
274 504 971
225 247 925
79 475 905
451 82 520
715 191 545
546 577 608
473 699 464
159 667 730
654 516 955
588 876 700
843 501 204
165 725 802
89 155 276
993 606 709
864 672 899
408 218 476
367 42 526
831 552 544
912 557 411
218 496 287
270 338 139
473 502 864
626 590 370
254 934 327
962 798 999
213 557 568
40 924 961
565 106 513
108 369 69
518 939 565
156 208 254
295 680 756
510 657 697
231 910 983
558 872 780
908 84 336
827 123 611
787 39 68
299 498 437
720 15 375
636 523 582
889 169 613
996 30 621
45 260 531
27 817 402
806 76 837
493 902 311
456 689 349
523 339 846
311 410 212
37 45 86
970 934 254
934 281 283
555 325 895
85 351 711
838 508 139
26 353 40
336 808 80
36 682 771
233 345 180
444 381 225
882 703 510
487 636 790
122 542 115
16 978 817
78 815 325
216 192 677
256 527 836
687 914 517
457 146 861
637 942 594
213 823 296
722 309 283
863 782 177
977 797 154
146 875 321
470 90 864
498 697 391
333 384 656
849 840 802
62 476 95
7 688 917
302 761 577
936 624 359
464 952 507
970 97 381
642 566 823
505 63 519
895 747 902
903 596 94
704 9 569
798 15 609
66 668 721
994 955 344
704 419 296
211 740 744
943 381 310
765 885 724
284 132 471
537 34 418
630 737 778
551 886 792
511 303 811
231 648 765
927 352 535
574 914 274
317 856 654
626 973 539
702 256 670
524 144 55
941 774 143
718 676 380
861 186 682
671 416 329
787 694 32
322 267 297
947 584 153
953 561 125
843 262 732
864 785 875
918 77 1000
60 146 675
439 358 860
120 380 628
800 167 321
184 840 940
480 786 523
984 738 83
108 580 697
191 443 833
