1000
64 189 191
948 81 925
187 647 74
728 672 889
307 248 705
661 208 598
802 299 842
64 32 648
183 87 385
322 899 77
992 963 265
534 262 698
459 448 344
532 527 368
772 833 967
476 845 175
73 998 473
266 61 504
914 243 942
298 917 841
726 260 155
991 794 768
688 604 215
31 135 741
750 907 925
717 734 769
891 159 767
715 424 179
570 689 422
512 987 338
704 712 949
210 54 742
977 741 345
191 124 832
283 225 738
559 941 823
679 183 981
445 897 405
976 819 93
397 330 431
86 385 495
34 594 900
128 570 993
472 760 116
655 394 340
744 952 633
567 630 815
547 427 64
303 402 882
748 150 563
530 587 947
376 972 540
276 99 109
268 923 220
735 929 965
426 673 916
58 239 897
225 137 675
288 440 428
521 187 577
83 68 515
381 444 839
920 719 289
380 338 563
951 72 492
915 497 164
182 907 402
430 131 890
105 770 329
532 290 867
461 372 935
975 752 730
813 23 800
102 754 137
664 704 560
507 970 408
670 503 666
423 932 796
313 36 565
993 568 854
860 28 577
146 354 680
227 519 54
26 972 159
514 987 214
425 494 183
184 163 685
850 938 617
997 250 4
562 594 923
767 453 950
696 950 656
727 176 174
781 553 497
939 418 483
153 842 976
687 26 491
724 227 428
692 223 29
695 784 622
618 903 427
919 950 376
926 676 904
451 808 947
747 226 430
251 419 405
289 796 247
12 22 674
703 245 54
750 380 676
719 634 102
637 583 829
563 259 732
13 66 892
312 164 117
741 766 887
497 55 683
744 418 704
769 121 300
823 222 32
498 940 665
951 576 248
779 490 858
863 855 275
754 166 439
222 906 556
460 754 610
142 849 28
198 618 500
849 792 721
880 289 12
897 591 587
144 369 429
353 231 283
627 336 800
417 909 57
325 369 810
286 862 659
665 59 628
164 908 419
236 139 59
247 35 649
186 530 369
966 882 600
248 861 287
399 629 548
455 953 916
616 239 777
626 903 188
253 419 447
23 6 585
81 253 620
81 790 501
450 755 383
401 354 595
39 752 223
586 558 176
501 173 766
630 799 20
169 403 438
615 426 444
551 858 48
170 939 837
671 740 943
405 140 296
999 178 399
573 764 956
100 616 128
865 597 278
885 765 681
674 731 106
117 282 315
516 803 605
352 825 344
294 229 835
941 579 13
339 504 128
294 603 95
422 820 692
699 56 808
731 729 539
188 198 820
503 713 622
107 417 447
803 710 27
637 3 958
1 341 461
128 635 63
223 408 882
266 458 289
73 189 18
611 376 215
782 230 279
404 689 695
202 491 757
228 479 759
537 480 99
997 959 85
60 181 844
293 798 654
582 871 842
951 833 569
517 615 151
795 370 839
490 923 681
246 150 159
356 39 990
454 35 949
891 446 129
734 91 279
387 24 149
580 974 333
501 842 947
3 636 668
841 477 590
873 74 92
383 429 130
373 235 164
321 477 962
801 210 52
79 949 75
579 880 48
264 732 241
562 734 876
230 926 705
171 798 130
262 533 559
743 905 145
259 577 621
220 729 182
271 160 130
345 738 362
744 1 93
984 563 827
211 144 104
267 314 902
397 928 786
955 670 690
451 928 618
71 147 346
252 769 505
734 113 595
447 208 947
539 191 861
717 754 4
821 20 670
74 416 597
859 722 618
900 172 546
517 594 44
214 198 813
71 931 277
665 377 485
963 267 27
824 984 780
179 156 800
200 229 567
796 87 289
766 338 812
311 854 406
354 419 603
518 489 885
795 505 613
279 468 879
305 643 214
437 821 369
588 373 597
154 520 35
794 285 372
958 595 225
363 301 996
317 818 484
553 964 989
165 242 808
395 899 450
609 335 622
977 274 994
926 427 514
960 573 150
332 530 745
908 244 397
903 912 566
739 464 530
727 980 123
534 374 373
983 982 707
956 311 980
950 236 759
815 195 331
964 878 212
60 786 455
456 40 366
374 778 829
255 504 808
377 389 533
750 723 867
808 679 177
140 980 412
250 794 958
932 109 836
143 169 973
597 976 12
962 349 790
142 955 645
301 332 386
833 433 108
699 592 138
227 83 117
638 332 262
948 263 371
135 405 891
107 1 866
470 314 567
611 807 521
608 107 204
993 940 636
452 990 580
590 217 662
58 206 994
320 505 608
42 639 13
993 636 940
719 289 920
889 672 728
174 176 727
675 225 137
372 461 935
610 754 460
140 412 980
497 164 915
873 92 74
376 611 215
64 547 427
939 483 418
597 865 278
455 916 953
859 722 618
764 956 573
977 345 741
183 87 385
345 362 738
437 369 821
808 699 56
320 505 608
381 444 839
980 311 956
594 517 44
145 905 743
744 93 1
283 353 231
618 722 859
225 595 958
253 620 81
521 187 577
908 164 419
6 585 23
594 923 562
428 724 227
129 891 446
451 618 928
81 925 948
825 344 352
450 755 383
260 155 726
993 128 570
849 792 721
416 597 74
590 662 217
399 629 548
616 239 777
3 637 958
376 215 611
643 305 214
245 54 703
517 44 594
839 381 444
461 935 372
633 952 744
401 595 354
692 29 223
412 140 980
424 715 179
882 303 402
117 83 227
252 769 505
559 823 941
792 849 721
993 940 636
154 520 35
926 230 705
836 932 109
210 742 54
1 744 93
976 819 93
399 178 999
402 303 882
335 622 609
430 747 226
779 490 858
815 195 331
369 810 325
124 832 191
451 947 808
354 419 603
617 938 850
955 645 142
784 622 695
819 93 976
951 492 72
556 222 906
20 799 630
786 455 60
553 781 497
730 975 752
244 908 397
54 227 519
998 73 473
833 951 569
673 426 916
867 723 750
656 696 950
419 251 405
867 750 723
266 61 504
63 128 635
501 766 173
39 990 356
547 427 64
512 338 987
437 821 369
130 271 160
48 551 858
91 734 279
563 338 380
563 732 259
66 892 13
172 900 546
416 597 74
795 613 505
262 698 534
815 195 331
958 225 595
582 871 842
228 759 479
891 446 129
403 438 169
808 699 56
354 603 419
399 999 178
202 757 491
290 532 867
182 220 729
907 182 402
278 597 865
617 938 850
942 914 243
484 818 317
346 147 71
514 214 987
972 159 26
790 81 501
634 102 719
247 35 649
769 734 717
250 958 794
892 66 13
781 497 553
925 907 750
386 332 301
800 627 336
408 223 882
412 140 980
214 514 987
741 31 135
220 182 729
532 290 867
595 958 225
419 447 253
919 376 950
447 208 947
507 408 970
353 283 231
206 58 994
179 715 424
416 74 597
515 83 68
987 514 214
418 939 483
972 26 159
991 794 768
183 425 494
439 754 166
582 871 842
731 729 539
211 144 104
372 285 794
259 563 732
647 187 74
137 754 102
908 419 164
769 300 121
813 23 800
93 744 1
501 766 173
58 239 897
186 530 369
54 245 703
649 247 35
579 48 880
926 676 904
670 503 666
558 586 176
151 517 615
999 178 399
880 289 12
767 159 891
947 842 501
230 926 705
473 73 998
594 562 923
289 719 920
289 920 719
223 692 29
560 704 664
428 724 227
996 301 363
214 305 643
263 371 948
492 72 951
222 823 32
594 923 562
563 984 827
835 294 229
998 73 473
369 325 810
243 914 942
460 610 754
314 470 567
897 587 591
373 534 374
491 26 687
721 792 849
100 616 128
447 208 947
386 301 332
570 422 689
648 64 32
260 726 155
730 975 752
729 539 731
71 147 346
226 747 430
191 124 832
863 855 275
801 210 52
447 419 253
242 808 165
498 665 940
755 383 450
745 530 332
990 356 39
759 228 479
618 903 427
832 191 124
63 635 128
964 553 989
887 766 741
560 704 664
500 198 618
866 1 107
95 603 294
314 470 567
267 902 314
430 131 890
577 28 860
225 738 283
253 81 620
102 719 634
618 903 427
996 363 301
972 159 26
265 992 963
949 75 79
759 236 950
253 81 620
145 743 905
36 565 313
135 31 741
345 741 977
730 975 752
54 245 703
923 220 268
184 685 163
164 235 373
754 4 717
880 12 289
349 962 790
882 402 303
617 850 938
615 444 426
27 710 803
919 376 950
419 603 354
373 235 164
288 428 440
534 373 374
23 6 585
567 200 229
801 52 210
717 754 4
60 455 786
579 13 941
767 950 453
527 532 368
963 27 267
923 681 490
285 794 372
28 577 860
315 282 117
928 397 786
220 923 268
903 427 618
1 341 461
480 537 99
637 829 583
13 579 941
179 424 715
423 796 932
426 673 916
635 128 63
974 580 333
93 1 744
282 117 315
301 386 332
470 567 314
540 972 376
385 495 86
135 891 405
128 339 504
795 613 505
191 539 861
992 963 265
908 397 244
344 448 459
916 426 673
214 514 987
423 932 796
786 455 60
332 301 386
456 40 366
248 861 287
579 941 13
266 458 289
947 451 808
628 59 665
313 36 565
573 764 956
371 263 948
950 696 656
397 928 786
767 453 950
897 445 405
183 494 425
577 28 860
245 703 54
433 833 108
597 976 12
289 719 920
242 808 165
174 176 727
143 973 169
299 842 802
563 380 338
941 579 13
752 730 975
437 821 369
897 58 239
198 214 813
546 172 900
477 590 841
470 567 314
729 220 182
381 839 444
731 674 106
919 950 376
189 191 64
659 862 286
903 427 618
980 140 412
587 897 591
497 683 55
426 916 673
117 312 164
530 369 186
344 448 459
959 85 997
137 102 754
288 440 428
68 83 515
964 989 553
784 695 622
752 39 223
837 939 170
633 952 744
551 858 48
497 55 683
958 595 225
915 164 497
585 6 23
903 427 618
915 164 497
440 288 428
782 279 230
142 849 28
279 230 782
948 925 81
373 374 534
882 223 408
854 993 568
734 595 113
210 52 801
461 341 1
731 729 539
537 99 480
796 289 247
860 577 28
18 189 73
829 583 637
567 815 630
71 147 346
845 175 476
296 140 405
616 128 100
748 150 563
698 262 534
303 882 402
823 941 559
263 371 948
128 63 635
681 490 923
958 637 3
267 27 963
477 590 841
425 494 183
354 595 401
182 729 220
58 994 206
99 109 276
559 533 262
900 594 34
314 267 902
580 974 333
380 563 338
226 747 430
439 166 754
332 530 745
385 183 87
980 727 123
163 184 685
419 164 908
215 688 604
567 630 815
889 728 672
923 562 594
613 505 795
202 491 757
994 58 206
750 907 925
64 191 189
577 860 28
880 48 579
405 891 135
919 376 950
289 880 12
559 533 262
696 950 656
935 461 372
563 380 338
518 885 489
74 416 597
997 959 85
227 428 724
796 247 289
23 585 6
495 86 385
576 951 248
268 923 220
387 24 149
279 230 782
980 727 123
675 225 137
430 890 131
71 147 346
666 670 503
20 630 799
289 266 458
769 252 505
130 383 429
468 879 279
81 925 948
939 170 837
947 587 530
676 926 904
939 837 170
603 294 95
290 867 532
935 461 372
29 692 223
369 144 429
704 949 712
296 405 140
329 105 770
731 106 674
567 229 200
131 890 430
659 862 286
897 239 58
723 867 750
260 155 726
670 666 503
594 517 44
484 317 818
468 279 879
455 786 60
372 935 461
265 963 992
938 617 850
727 980 123
23 585 6
419 603 354
169 438 403
321 477 962
907 750 925
570 128 993
12 976 597
879 279 468
149 387 24
222 823 32
1 93 744
850 617 938
590 477 841
298 917 841
673 426 916
71 147 346
311 854 406
764 573 956
732 563 259
87 183 385
74 187 647
503 670 666
832 124 191
173 766 501
386 301 332
288 440 428
430 226 747
189 18 73
289 266 458
594 44 517
616 128 100
980 311 956
402 182 907
754 166 439
689 570 422
900 546 172
829 374 778
81 948 925
917 298 841
29 692 223
975 730 752
965 735 929
533 559 262
182 220 729
159 150 246
704 949 712
85 959 997
897 405 445
369 144 429
760 472 116
580 990 452
656 950 696
128 993 570
176 727 174
754 102 137
447 947 208
215 604 688
451 947 808
349 962 790
960 150 573
64 648 32
637 829 583
130 798 171
344 352 825
417 107 447
6 585 23
150 573 960
403 169 438
548 629 399
344 448 459
643 305 214
567 470 314
83 117 227
829 778 374
214 198 813
603 354 419
590 217 662
970 507 408
262 638 332
597 278 865
253 447 419
303 402 882
636 3 668
372 935 461
580 990 452
229 835 294
279 230 782
609 335 622
639 42 13
692 223 29
71 931 277
182 729 220
429 130 383
656 950 696
717 4 754
426 916 673
210 801 52
675 225 137
977 994 274
672 889 728
402 303 882
346 71 147
177 808 679
690 670 955
784 695 622
867 290 532
287 248 861
74 92 873
579 48 880
401 595 354
916 673 426
919 376 950
750 907 925
374 373 534
890 131 430
861 287 248
982 707 983
516 605 803
534 374 373
994 274 977
143 973 169
169 143 973
950 453 767
827 984 563
408 223 882
188 626 903
397 908 244
583 637 829
102 634 719
371 263 948
198 500 618
430 226 747
225 283 738
760 472 116
60 181 844
688 604 215
459 448 344
150 246 159
322 77 899
265 992 963
580 452 990
567 815 630
163 184 685
674 22 12
744 704 418
418 939 483
206 58 994
610 754 460
345 741 977
429 383 130
916 455 953
958 637 3
422 689 570
984 824 780
129 446 891
585 23 6
796 423 932
899 395 450
654 293 798
795 613 505
293 654 798
460 754 610
732 241 264
113 734 595
137 675 225
177 808 679
661 208 598
405 445 897
212 878 964
887 766 741
336 627 800
750 925 907
