1000
669 413 557
918 931 988
598 298 836
223 801 25
629 745 340
851 278 19
813 489 691
691 69 948
528 326 895
720 860 521
3 528 933
911 445 863
899 394 512
521 720 860
489 813 691
19 278 851
836 598 298
19 851 278
278 851 19
69 948 691
278 19 851
691 69 948
223 801 25
911 863 445
813 691 489
745 629 340
669 413 557
988 931 918
413 669 557
278 851 19
512 394 899
445 911 863
19 851 278
445 911 863
25 801 223
3 528 933
948 69 691
745 629 340
3 933 528
895 528 326
931 918 988
895 326 528
988 918 931
521 860 720
745 340 629
340 745 629
988 918 931
598 836 298
691 813 489
69 948 691
326 895 528
278 19 851
691 813 489
988 931 918
69 691 948
394 512 899
836 298 598
340 629 745
931 918 988
598 298 836
931 918 988
528 326 895
899 512 394
413 557 669
223 25 801
691 489 813
528 933 3
394 899 512
691 489 813
988 931 918
895 326 528
948 691 69
223 801 25
489 691 813
895 528 326
340 629 745
557 669 413
851 278 19
933 528 3
598 298 836
340 745 629
489 691 813
745 340 629
512 899 394
19 278 851
801 25 223
340 629 745
863 911 445
691 69 948
948 691 69
933 3 528
745 340 629
3 933 528
629 340 745
598 836 298
801 223 25
326 895 528
629 745 340
918 931 988
911 445 863
512 899 394
25 223 801
691 813 489
445 911 863
489 813 691
836 298 598
528 933 3
340 629 745
278 851 19
669 413 557
745 629 340
895 326 528
720 521 860
813 691 489
860 521 720
851 278 19
863 911 445
598 298 836
863 445 911
512 899 394
445 911 863
745 629 340
895 326 528
836 298 598
691 489 813
326 528 895
598 298 836
528 933 3
25 223 801
445 911 863
813 691 489
445 863 911
863 445 911
521 860 720
863 911 445
629 745 340
629 745 340
512 899 394
813 691 489
988 918 931
911 445 863
521 860 720
445 911 863
278 19 851
223 25 801
988 931 918
298 598 836
629 745 340
836 298 598
278 851 19
933 528 3
691 69 948
948 69 691
512 394 899
598 298 836
413 557 669
691 813 489
278 19 851
813 489 691
445 863 911
988 918 931
895 326 528
669 413 557
669 557 413
801 25 223
691 948 69
629 340 745
933 3 528
863 911 445
629 745 340
278 19 851
899 512 394
691 489 813
394 899 512
918 988 931
629 340 745
931 988 918
988 918 931
19 851 278
394 512 899
512 899 394
326 528 895
25 801 223
512 899 394
918 988 931
933 3 528
326 895 528
801 223 25
528 326 895
3 933 528
445 911 863
489 691 813
326 528 895
326 895 528
69 691 948
899 512 394
691 69 948
801 25 223
629 340 745
669 413 557
598 836 298
931 918 988
521 860 720
801 223 25
413 669 557
988 918 931
521 860 720
836 598 298
948 69 691
528 933 3
223 25 801
598 836 298
801 223 25
813 489 691
931 988 918
394 899 512
489 691 813
851 19 278
489 691 813
298 836 598
413 557 669
911 445 863
836 298 598
19 851 278
948 69 691
895 326 528
278 851 19
629 340 745
223 25 801
745 340 629
801 25 223
489 691 813
25 801 223
836 598 298
911 863 445
669 557 413
745 629 340
720 521 860
629 745 340
340 629 745
25 223 801
691 813 489
669 413 557
298 836 598
836 598 298
863 445 911
298 598 836
911 445 863
801 25 223
745 340 629
851 278 19
512 394 899
521 720 860
598 298 836
691 813 489
521 720 860
918 931 988
223 801 25
223 25 801
598 298 836
720 521 860
691 948 69
512 899 394
911 863 445
598 836 298
691 948 69
836 598 298
489 813 691
931 918 988
489 691 813
895 528 326
899 512 394
948 69 691
278 851 19
720 860 521
745 629 340
25 223 801
19 851 278
933 3 528
528 895 326
557 413 669
521 860 720
860 720 521
629 745 340
19 278 851
813 691 489
298 836 598
899 394 512
278 851 19
918 988 931
911 863 445
895 326 528
948 69 691
813 489 691
278 19 851
691 948 69
988 918 931
298 836 598
326 528 895
895 528 326
863 911 445
3 528 933
918 931 988
863 911 445
836 598 298
931 918 988
860 521 720
394 512 899
801 25 223
669 413 557
413 557 669
860 521 720
745 629 340
851 278 19
691 948 69
598 836 298
801 25 223
691 948 69
933 3 528
557 413 669
223 801 25
557 669 413
691 69 948
557 413 669
629 340 745
860 720 521
598 836 298
489 813 691
394 899 512
298 836 598
745 340 629
489 813 691
598 836 298
801 223 25
691 69 948
528 3 933
851 278 19
720 860 521
557 669 413
863 445 911
691 489 813
413 557 669
801 223 25
691 489 813
860 521 720
445 863 911
340 745 629
863 445 911
863 911 445
629 340 745
521 860 720
933 528 3
669 557 413
948 69 691
598 836 298
669 557 413
863 445 911
25 223 801
918 988 931
557 669 413
512 899 394
340 629 745
988 918 931
512 394 899
557 413 669
25 801 223
899 512 394
933 3 528
801 25 223
69 948 691
512 394 899
298 836 598
933 528 3
851 19 278
933 528 3
25 223 801
25 223 801
745 340 629
851 19 278
669 413 557
557 669 413
948 691 69
691 69 948
863 911 445
521 720 860
851 278 19
948 691 69
931 988 918
413 669 557
298 836 598
691 489 813
413 557 669
851 19 278
895 528 326
528 895 326
899 512 394
836 598 298
19 851 278
223 801 25
445 911 863
69 948 691
19 851 278
918 988 931
691 813 489
521 720 860
69 691 948
629 340 745
745 629 340
528 3 933
19 851 278
557 669 413
933 3 528
512 394 899
669 413 557
528 895 326
745 629 340
851 19 278
720 521 860
720 521 860
598 298 836
298 598 836
745 629 340
326 895 528
223 801 25
863 445 911
801 25 223
298 836 598
557 669 413
745 629 340
720 521 860
863 445 911
629 340 745
948 691 69
691 813 489
340 629 745
669 557 413
918 988 931
489 813 691
813 691 489
720 521 860
691 69 948
933 528 3
669 557 413
851 19 278
3 933 528
557 413 669
445 863 911
948 691 69
745 340 629
278 851 19
863 911 445
413 669 557
528 326 895
298 836 598
521 860 720
691 813 489
851 278 19
801 223 25
691 813 489
911 863 445
340 745 629
851 278 19
223 25 801
489 813 691
278 851 19
691 69 948
326 528 895
801 223 25
911 863 445
521 860 720
69 948 691
911 445 863
521 720 860
691 489 813
340 745 629
931 988 918
528 933 3
948 69 691
691 948 69
340 745 629
988 931 918
863 445 911
19 278 851
489 813 691
851 278 19
521 720 860
801 223 25
988 931 918
413 557 669
918 988 931
863 911 445
394 899 512
326 895 528
863 445 911
69 948 691
801 223 25
489 691 813
745 340 629
720 860 521
629 745 340
598 836 298
745 340 629
278 851 19
3 933 528
528 3 933
413 669 557
528 933 3
860 720 521
933 528 3
629 745 340
860 521 720
598 836 298
863 445 911
521 720 860
863 911 445
394 512 899
851 19 278
557 669 413
801 223 25
512 394 899
911 863 445
298 836 598
851 278 19
512 899 394
326 528 895
528 933 3
528 326 895
629 745 340
931 988 918
899 394 512
3 933 528
629 340 745
394 512 899
557 669 413
691 813 489
918 931 988
860 521 720
899 512 394
801 25 223
489 813 691
860 521 720
25 801 223
557 413 669
557 413 669
851 19 278
278 851 19
801 223 25
394 512 899
813 691 489
25 801 223
669 557 413
512 394 899
512 394 899
813 489 691
720 521 860
745 629 340
745 340 629
745 340 629
801 25 223
557 413 669
948 69 691
298 598 836
3 528 933
598 298 836
863 911 445
3 528 933
801 25 223
948 691 69
489 813 691
3 528 933
860 521 720
340 629 745
19 851 278
801 223 25
413 557 669
669 557 413
278 19 851
629 340 745
598 298 836
394 899 512
394 899 512
445 863 911
933 528 3
933 3 528
629 340 745
326 528 895
394 512 899
298 836 598
69 948 691
512 394 899
528 933 3
394 512 899
521 720 860
988 918 931
223 25 801
801 223 25
691 69 948
326 528 895
948 691 69
326 895 528
860 521 720
445 863 911
512 899 394
669 413 557
933 528 3
340 629 745
860 720 521
851 19 278
988 918 931
745 340 629
691 489 813
851 19 278
298 836 598
413 557 669
933 3 528
3 933 528
851 19 278
851 19 278
745 340 629
899 512 394
521 860 720
413 669 557
326 528 895
895 326 528
836 298 598
413 557 669
557 669 413
512 394 899
931 988 918
69 948 691
413 557 669
326 528 895
278 19 851
394 899 512
836 298 598
326 895 528
298 598 836
948 69 691
278 19 851
25 801 223
860 720 521
931 988 918
557 413 669
340 745 629
3 528 933
528 326 895
445 911 863
340 629 745
899 394 512
489 813 691
512 899 394
528 3 933
394 512 899
988 918 931
394 899 512
394 899 512
931 988 918
598 836 298
629 745 340
69 948 691
933 3 528
413 557 669
340 745 629
863 445 911
851 278 19
988 931 918
911 445 863
933 528 3
801 223 25
298 598 836
691 489 813
19 851 278
813 691 489
25 223 801
988 918 931
918 931 988
860 521 720
745 340 629
223 801 25
691 489 813
278 19 851
988 918 931
691 69 948
720 860 521
669 557 413
988 918 931
988 931 918
223 801 25
25 223 801
512 899 394
863 445 911
629 745 340
931 918 988
326 528 895
521 860 720
691 948 69
557 669 413
860 521 720
801 223 25
557 413 669
669 413 557
988 931 918
988 931 918
326 895 528
413 669 557
394 512 899
801 25 223
836 298 598
860 720 521
489 813 691
931 918 988
895 326 528
512 899 394
948 691 69
489 813 691
512 899 394
691 489 813
948 691 69
895 326 528
895 326 528
489 813 691
512 899 394
691 69 948
863 445 911
899 512 394
931 988 918
813 691 489
801 25 223
3 528 933
836 598 298
931 918 988
629 340 745
918 988 931
801 223 25
933 528 3
988 918 931
394 899 512
25 223 801
933 3 528
278 851 19
836 598 298
326 895 528
813 489 691
598 836 298
278 19 851
223 801 25
918 988 931
899 512 394
801 223 25
629 745 340
528 3 933
629 340 745
557 413 669
911 445 863
899 394 512
911 445 863
851 278 19
669 557 413
911 445 863
298 598 836
528 3 933
521 860 720
629 745 340
720 521 860
528 3 933
298 836 598
394 899 512
557 669 413
598 298 836
3 933 528
19 278 851
669 413 557
298 598 836
911 445 863
895 326 528
911 445 863
745 340 629
278 851 19
988 918 931
298 836 598
948 691 69
223 801 25
3 933 528
413 669 557
899 394 512
895 326 528
3 933 528
528 895 326
836 298 598
895 528 326
25 801 223
445 863 911
720 860 521
836 298 598
931 988 918
918 988 931
988 918 931
598 836 298
860 720 521
933 528 3
489 691 813
629 745 340
413 557 669
899 394 512
19 851 278
931 988 918
557 669 413
933 528 3
988 931 918
629 340 745
948 691 69
340 629 745
836 298 598
528 933 3
948 69 691
899 394 512
598 298 836
445 911 863
851 278 19
521 860 720
557 413 669
326 895 528
19 851 278
394 899 512
836 598 298
691 69 948
340 629 745
918 931 988
895 326 528
745 340 629
326 528 895
278 19 851
948 691 69
298 598 836
598 298 836
851 278 19
988 918 931
629 745 340
521 720 860
851 278 19
557 669 413
25 801 223
988 931 918
745 340 629
691 489 813
223 801 25
801 25 223
895 326 528
629 745 340
445 863 911
851 19 278
988 931 918
19 851 278
669 557 413
25 801 223
801 223 25
918 988 931
813 691 489
911 445 863
512 899 394
801 223 25
899 394 512
512 899 394
340 629 745
988 931 918
691 69 948
413 557 669
521 860 720
860 521 720
745 340 629
720 860 521
445 911 863
298 836 598
918 931 988
489 813 691
691 489 813
931 918 988
863 445 911
669 413 557
851 19 278
918 931 988
298 598 836
598 298 836
988 931 918
69 691 948
278 19 851
19 851 278
836 598 298
948 69 691
19 278 851
598 298 836
528 933 3
528 3 933
860 521 720
528 933 3
899 512 394
988 918 931
813 489 691
933 3 528
512 899 394
223 25 801
899 394 512
340 745 629
895 326 528
895 326 528
25 223 801
629 340 745
298 598 836
413 669 557
933 3 528
863 911 445
340 629 745
691 489 813
19 278 851
223 801 25
899 394 512
691 948 69
340 629 745
863 911 445
326 895 528
326 895 528
25 223 801
931 988 918
512 394 899
19 851 278
512 899 394
557 669 413
298 836 598
340 745 629
278 851 19
720 521 860
931 918 988
933 528 3
911 445 863
326 895 528
813 691 489
851 19 278
911 863 445
988 931 918
745 629 340
340 745 629
863 911 445
326 895 528
489 691 813
489 813 691
860 720 521
326 528 895
851 278 19
69 948 691
931 918 988
669 557 413
326 528 895
860 720 521
860 720 521
278 19 851
899 394 512
69 691 948
340 629 745
3 933 528
528 933 3
528 933 3
931 918 988
918 988 931
988 931 918
557 413 669
860 720 521
340 745 629
528 326 895
394 512 899
933 528 3
801 223 25
863 445 911
801 25 223
801 25 223
669 413 557
691 948 69
933 3 528
394 899 512
528 933 3
629 745 340
326 528 895
278 19 851
801 223 25
557 669 413
629 745 340
413 669 557
988 918 931
521 720 860
413 557 669
445 911 863
988 931 918
863 445 911
528 933 3
413 557 669
863 911 445
720 860 521
691 948 69
598 836 298
528 326 895
895 528 326
