1000
318 919 690
740 303 552
262 126 127
817 981 748
660 561 816
204 252 15
215 318 897
774 387 921
100 893 329
187 126 178
888 796 97
577 535 751
481 148 877
959 316 209
58 975 121
226 531 372
240 745 42
488 871 780
408 322 672
88 509 149
266 396 944
714 324 830
816 804 977
44 762 292
604 172 619
725 397 149
96 636 245
137 123 467
916 882 789
939 321 297
88 938 44
31 651 367
861 467 523
189 862 636
833 466 807
451 190 203
951 637 838
547 774 312
14 41 545
802 980 866
450 67 803
493 97 806
211 309 624
733 498 485
369 682 302
175 132 491
378 434 128
567 980 253
879 993 293
775 146 272
640 947 338
795 439 787
600 2 447
575 734 944
59 454 625
361 629 108
203 358 893
682 924 873
934 154 217
227 929 715
850 920 661
540 714 452
326 665 453
772 591 538
68 2 992
44 714 620
504 916 329
396 598 252
620 883 406
189 109 686
903 311 605
915 850 671
718 175 687
522 298 278
60 717 279
51 113 344
22 616 259
702 363 208
953 983 91
710 523 551
395 777 861
352 691 62
374 409 588
412 930 886
41 341 954
671 743 66
14 764 33
547 774 312
344 113 51
762 44 292
795 787 439
714 44 620
929 715 227
309 211 624
629 361 108
862 636 189
31 367 651
97 796 888
734 575 944
493 97 806
774 387 921
547 312 774
660 816 561
341 41 954
540 714 452
396 944 266
774 312 547
547 312 774
682 873 924
929 715 227
605 311 903
686 109 189
15 252 204
718 175 687
493 97 806
178 187 126
51 344 113
702 208 363
252 204 15
671 915 850
58 975 121
959 316 209
802 866 980
22 616 259
51 113 344
619 172 604
687 175 718
789 916 882
316 959 209
297 939 321
777 395 861
209 959 316
491 175 132
888 796 97
100 329 893
992 68 2
14 33 764
980 866 802
172 619 604
629 108 361
924 873 682
68 2 992
795 787 439
113 344 51
624 211 309
762 292 44
178 187 126
352 691 62
367 31 651
762 44 292
954 341 41
33 764 14
252 598 396
137 467 123
318 897 215
259 22 616
123 137 467
439 795 787
175 491 132
604 619 172
397 725 149
88 509 149
44 762 292
302 369 682
338 947 640
577 535 751
944 575 734
871 488 780
777 395 861
535 751 577
702 363 208
929 715 227
14 41 545
830 324 714
297 321 939
292 44 762
687 718 175
660 816 561
278 298 522
266 396 944
540 714 452
227 715 929
318 897 215
877 148 481
190 203 451
14 41 545
509 88 149
686 109 189
31 367 651
452 540 714
540 452 714
278 522 298
59 625 454
620 883 406
637 838 951
292 44 762
451 190 203
715 929 227
361 629 108
361 629 108
209 959 316
41 954 341
795 787 439
203 358 893
660 561 816
278 298 522
903 311 605
154 934 217
577 535 751
217 934 154
309 624 211
15 252 204
363 702 208
686 189 109
523 861 467
358 893 203
352 62 691
397 149 725
671 743 66
522 298 278
262 127 126
983 953 91
714 452 540
60 279 717
44 292 762
893 203 358
217 934 154
714 620 44
97 806 493
838 951 637
358 893 203
149 509 88
97 796 888
702 363 208
344 113 51
983 91 953
51 344 113
939 297 321
485 498 733
324 830 714
253 980 567
326 453 665
189 686 109
787 795 439
862 636 189
944 734 575
740 552 303
504 916 329
636 189 862
44 762 292
44 714 620
916 329 504
41 954 341
751 535 577
178 126 187
604 619 172
690 919 318
629 108 361
929 715 227
552 740 303
154 934 217
149 509 88
217 154 934
447 600 2
605 903 311
88 509 149
944 575 734
637 951 838
298 522 278
850 920 661
227 929 715
710 523 551
215 318 897
772 538 591
919 318 690
361 629 108
326 453 665
361 108 629
540 452 714
774 312 547
802 980 866
409 374 588
939 297 321
293 993 879
253 980 567
396 266 944
123 137 467
367 31 651
126 178 187
451 190 203
450 67 803
406 883 620
123 137 467
203 190 451
915 671 850
944 396 266
629 361 108
88 44 938
387 921 774
871 780 488
175 491 132
396 598 252
619 604 172
172 619 604
67 450 803
396 944 266
408 672 322
292 762 44
44 762 292
203 358 893
591 538 772
341 41 954
22 259 616
245 636 96
743 66 671
934 217 154
687 175 718
522 278 298
488 780 871
451 203 190
916 789 882
123 137 467
126 187 178
796 97 888
980 253 567
924 873 682
352 62 691
189 109 686
481 148 877
100 329 893
903 605 311
951 637 838
253 980 567
660 816 561
687 718 175
671 743 66
620 883 406
665 453 326
67 450 803
983 91 953
636 245 96
88 44 938
466 833 807
687 175 718
240 42 745
671 915 850
493 97 806
624 309 211
88 509 149
66 671 743
981 817 748
893 329 100
209 959 316
637 838 951
312 547 774
262 127 126
409 588 374
714 44 620
253 567 980
959 209 316
745 240 42
661 920 850
540 714 452
97 888 796
292 44 762
329 916 504
88 149 509
378 128 434
406 883 620
297 321 939
954 41 341
888 97 796
203 190 451
97 806 493
938 88 44
938 88 44
816 977 804
509 149 88
2 447 600
316 959 209
14 545 41
262 126 127
921 774 387
322 672 408
682 924 873
629 108 361
523 710 551
491 175 132
817 981 748
42 240 745
806 493 97
252 598 396
453 326 665
318 215 897
121 58 975
690 919 318
374 588 409
897 318 215
344 113 51
211 624 309
954 41 341
787 795 439
789 882 916
804 977 816
545 41 14
743 66 671
725 149 397
409 374 588
467 137 123
651 31 367
604 619 172
451 203 190
126 187 178
466 833 807
491 175 132
850 661 920
326 453 665
552 303 740
452 714 540
434 128 378
100 893 329
406 883 620
127 262 126
879 993 293
259 22 616
326 453 665
344 113 51
96 245 636
450 803 67
629 361 108
816 660 561
279 60 717
780 871 488
406 620 883
33 14 764
363 208 702
397 725 149
938 88 44
934 217 154
189 862 636
97 796 888
67 803 450
498 485 733
888 796 97
178 187 126
109 189 686
341 954 41
100 893 329
636 189 862
189 636 862
190 451 203
318 690 919
661 850 920
266 396 944
2 68 992
146 272 775
491 132 175
873 682 924
189 862 636
660 561 816
298 522 278
217 154 934
715 227 929
605 903 311
318 919 690
128 434 378
60 717 279
396 252 598
311 903 605
993 879 293
915 850 671
780 871 488
175 718 687
303 552 740
172 619 604
88 509 149
636 96 245
522 298 278
624 211 309
189 862 636
318 690 919
297 939 321
915 671 850
208 363 702
807 833 466
488 871 780
764 33 14
396 598 252
245 636 96
690 919 318
318 215 897
796 888 97
226 372 531
252 396 598
204 15 252
531 226 372
686 189 109
993 293 879
466 807 833
226 531 372
743 66 671
561 816 660
467 137 123
498 733 485
259 616 22
127 126 262
395 777 861
309 211 624
149 88 509
434 128 378
88 149 509
619 604 172
329 916 504
710 523 551
126 262 127
33 764 14
504 329 916
629 361 108
172 619 604
113 51 344
292 762 44
930 886 412
146 272 775
127 126 262
88 44 938
921 774 387
322 408 672
893 329 100
538 591 772
481 148 877
44 938 88
175 132 491
671 915 850
44 620 714
682 369 302
929 715 227
41 14 545
981 748 817
227 929 715
245 96 636
717 279 60
396 252 598
886 412 930
877 148 481
123 467 137
540 714 452
408 322 672
588 409 374
31 367 651
762 292 44
637 838 951
316 959 209
453 326 665
733 485 498
292 44 762
777 395 861
149 397 725
321 297 939
620 883 406
774 312 547
396 598 252
209 316 959
467 861 523
396 266 944
453 665 326
714 452 540
318 897 215
930 412 886
451 203 190
954 341 41
523 467 861
409 374 588
60 717 279
292 762 44
714 324 830
434 378 128
921 774 387
369 302 682
227 929 715
312 547 774
977 804 816
743 66 671
682 924 873
485 498 733
412 930 886
916 504 329
148 877 481
893 329 100
409 374 588
322 672 408
690 919 318
15 204 252
718 687 175
226 372 531
326 453 665
395 777 861
146 272 775
41 954 341
252 396 598
149 88 509
44 938 88
920 850 661
149 725 397
939 297 321
298 522 278
977 804 816
62 691 352
374 588 409
714 44 620
920 661 850
780 871 488
665 326 453
714 324 830
485 733 498
807 466 833
363 702 208
132 491 175
920 850 661
97 493 806
62 352 691
671 66 743
780 871 488
888 97 796
833 807 466
804 977 816
983 953 91
203 893 358
789 882 916
409 374 588
44 88 938
172 604 619
453 665 326
395 861 777
944 734 575
498 733 485
551 523 710
51 113 344
830 714 324
509 88 149
916 329 504
58 121 975
292 44 762
154 934 217
318 215 897
187 178 126
929 715 227
396 266 944
452 540 714
204 15 252
830 324 714
324 714 830
60 717 279
625 59 454
488 780 871
637 838 951
146 272 775
396 252 598
588 409 374
751 577 535
540 714 452
126 127 262
866 980 802
190 451 203
361 108 629
316 959 209
452 540 714
882 916 789
91 983 953
44 938 88
452 540 714
661 850 920
252 598 396
535 577 751
714 44 620
861 523 467
361 108 629
31 367 651
980 253 567
329 504 916
137 467 123
96 245 636
714 540 452
378 128 434
748 981 817
146 775 272
619 604 172
893 203 358
41 14 545
682 302 369
149 509 88
702 208 363
740 552 303
409 588 374
51 113 344
806 97 493
893 329 100
329 893 100
682 873 924
916 329 504
775 146 272
733 498 485
733 498 485
861 467 523
485 498 733
498 733 485
715 929 227
983 953 91
992 2 68
123 467 137
535 751 577
561 816 660
302 369 682
690 318 919
980 253 567
651 367 31
322 408 672
297 939 321
149 397 725
2 447 600
651 367 31
830 714 324
126 127 262
552 303 740
686 109 189
467 123 137
44 762 292
329 504 916
203 190 451
109 189 686
772 591 538
252 598 396
915 671 850
804 977 816
378 434 128
951 637 838
862 189 636
493 806 97
329 504 916
309 624 211
15 204 252
88 509 149
467 523 861
491 175 132
278 522 298
871 780 488
262 127 126
321 297 939
279 717 60
451 190 203
126 187 178
661 850 920
930 412 886
91 953 983
734 944 575
240 745 42
850 915 671
740 552 303
665 326 453
293 879 993
326 453 665
947 338 640
66 671 743
789 916 882
14 545 41
777 395 861
637 838 951
367 651 31
148 877 481
175 132 491
326 453 665
975 121 58
509 88 149
203 893 358
126 262 127
893 100 329
97 796 888
187 126 178
108 361 629
44 88 938
91 983 953
850 915 671
44 938 88
132 175 491
938 88 44
252 204 15
67 450 803
714 830 324
498 733 485
434 128 378
467 861 523
710 551 523
121 975 58
850 671 915
916 789 882
959 316 209
204 15 252
690 318 919
109 189 686
491 132 175
804 977 816
838 637 951
796 97 888
279 717 60
915 850 671
817 748 981
619 604 172
959 209 316
531 226 372
787 795 439
88 149 509
51 113 344
481 148 877
31 651 367
272 146 775
363 208 702
796 97 888
850 671 915
41 954 341
311 605 903
406 883 620
279 60 717
915 671 850
816 804 977
62 691 352
624 309 211
217 154 934
873 924 682
321 939 297
523 710 551
660 561 816
453 665 326
838 951 637
866 980 802
575 944 734
939 321 297
981 748 817
148 877 481
715 929 227
672 322 408
690 919 318
338 640 947
833 807 466
934 217 154
725 149 397
983 91 953
509 149 88
916 329 504
434 378 128
953 91 983
447 600 2
126 187 178
189 109 686
488 780 871
780 488 871
217 934 154
14 764 33
33 764 14
806 493 97
189 686 109
14 764 33
137 467 123
453 665 326
51 344 113
919 690 318
14 33 764
412 886 930
620 883 406
203 893 358
113 51 344
311 605 903
215 897 318
309 211 624
67 803 450
259 22 616
189 862 636
897 318 215
775 272 146
488 871 780
916 789 882
745 42 240
983 91 953
687 175 718
893 329 100
378 434 128
312 547 774
209 959 316
637 838 951
777 395 861
97 806 493
547 312 774
682 924 873
175 491 132
897 318 215
531 226 372
15 204 252
748 817 981
68 2 992
577 751 535
2 68 992
396 944 266
745 42 240
279 717 60
344 113 51
717 279 60
796 888 97
780 871 488
137 123 467
802 980 866
318 690 919
126 178 187
44 938 88
2 447 600
879 293 993
637 838 951
189 862 636
329 916 504
67 803 450
412 886 930
44 714 620
491 132 175
938 44 88
983 91 953
62 691 352
481 148 877
636 96 245
850 661 920
954 41 341
409 374 588
588 374 409
954 341 41
893 100 329
959 209 316
916 504 329
454 625 59
924 682 873
953 983 91
535 751 577
15 252 204
439 787 795
640 947 338
42 745 240
671 850 915
132 491 175
395 861 777
14 41 545
944 396 266
915 671 850
146 272 775
921 387 774
538 772 591
953 91 983
488 871 780
387 774 921
67 803 450
903 311 605
745 42 240
959 316 209
523 861 467
466 807 833
745 42 240
406 883 620
992 68 2
109 189 686
454 59 625
915 671 850
189 109 686
316 209 959
378 128 434
751 535 577
452 714 540
772 591 538
575 734 944
2 992 68
190 451 203
816 561 660
329 100 893
329 100 893
338 947 640
802 980 866
552 740 303
321 939 297
616 259 22
488 871 780
293 993 879
318 897 215
51 113 344
714 324 830
687 175 718
938 44 88
302 682 369
14 41 545
916 882 789
316 209 959
374 409 588
600 2 447
915 671 850
882 916 789
217 154 934
318 215 897
983 91 953
