299
666 437 244
689 171 549
412 713 329
481 87 176
440 651 523
596 466 556
126 362 388
520 240 420
100 234 756
543 391 177
139 423 641
378 565 572
70 467 338
523 636 739
612 109 614
129 508 253
365 700 720
258 628 553
442 759 713
219 445 515
147 359 234
775 666 218
218 772 611
669 569 235
554 550 738
90 617 404
199 601 440
661 184 458
727 746 207
280 447 98
87 711 161
684 90 256
448 443 378
551 634 367
733 289 357
133 699 615
374 737 387
705 345 717
530 218 467
91 651 545
283 681 134
690 224 147
367 633 709
106 216 624
598 765 250
533 433 108
378 335 659
542 322 590
328 215 421
497 539 582
553 316 371
500 194 225
624 88 609
356 259 446
100 468 403
501 563 241
471 256 272
747 708 602
415 772 522
170 559 573
688 306 448
305 126 262
557 660 578
752 103 750
559 209 227
738 239 379
283 83 454
204 285 412
357 625 492
371 167 348
389 531 577
431 189 689
621 566 506
99 285 772
397 462 474
380 274 775
322 670 574
758 677 104
397 166 452
510 194 474
296 392 721
751 298 267
702 206 777
381 592 236
598 643 332
642 325 215
75 123 524
314 512 408
133 425 85
476 259 772
198 360 352
617 467 128
120 504 280
217 682 127
612 138 496
614 200 760
764 294 628
429 174 477
488 181 347
715 662 659
297 539 486
739 107 137
187 244 588
416 437 483
597 462 658
227 131 91
628 95 611
437 678 470
690 319 435
722 247 213
159 591 602
474 521 81
608 504 672
536 540 607
451 525 615
642 614 358
359 619 122
116 685 415
326 120 517
611 398 272
507 430 481
725 246 280
618 331 285
308 280 88
713 487 87
448 354 552
551 426 135
288 527 409
210 276 528
587 70 598
649 262 427
548 113 730
346 555 212
481 380 139
695 616 573
528 641 696
438 608 398
679 73 546
760 428 534
553 491 380
567 488 583
395 401 262
356 72 193
454 601 271
174 751 476
530 192 106
730 431 83
111 678 282
510 521 509
472 82 93
213 354 195
726 146 732
534 680 417
599 576 427
73 431 226
341 298 150
760 405 495
679 731 152
670 333 266
76 433 377
546 673 406
205 126 504
141 353 132
96 379 255
747 228 71
582 444 146
537 261 238
730 160 653
557 552 588
87 126 595
314 371 654
693 689 188
160 441 305
619 458 740
670 708 543
565 311 124
665 103 140
543 253 148
541 199 427
120 521 454
92 721 436
96 570 619
741 450 109
528 364 415
705 337 190
747 711 574
88 249 344
147 541 126
400 199 583
382 530 461
701 734 467
489 723 289
166 224 246
181 396 197
473 273 337
133 472 715
678 337 438
491 278 95
407 96 587
357 368 69
282 192 140
591 132 709
680 568 466
500 545 302
444 83 117
746 771 550
682 701 310
87 773 70
510 762 248
681 469 418
678 578 277
277 462 360
198 318 130
446 148 316
757 385 91
581 182 236
503 161 471
376 643 97
660 158 473
122 659 642
424 458 124
691 94 365
417 475 740
636 383 399
679 391 442
647 651 228
251 609 254
182 456 481
609 416 356
493 322 634
428 330 168
466 333 421
715 94 371
382 504 480
637 537 611
279 370 575
493 751 483
637 503 416
218 187 489
397 436 491
198 692 445
748 701 308
653 768 482
231 472 234
313 139 106
722 529 515
412 669 79
717 733 706
189 475 265
694 530 684
414 275 623
246 514 262
644 524 719
302 567 383
617 116 333
171 660 519
670 703 754
645 113 496
762 381 647
119 415 134
509 425 402
456 718 734
240 328 254
559 751 408
374 125 631
532 706 193
106 704 455
128 626 776
462 476 609
744 180 82
368 422 578
745 638 220
608 685 493
585 612 584
79 685 634
631 661 172
369 83 331
267 738 410
210 389 432
716 295 774
497 147 412
652 264 564
81 758 339
244 743 400
369 357 138
231 298 147
384 186 525
480 191 148
637 244 115
128 691 334
515 744 237
273 379 578
294 216 675
496 778 192
597 185 607
149 226 253
439 698 710
625 184 442
328 230 248
