999
509 162 452
334 504 477
575 654 511
567 288 498
571 464 436
731 185 161
614 616 149
255 205 424
769 719 720
340 680 679
619 338 514
406 509 576
646 495 162
455 351 333
229 571 242
617 188 746
390 183 767
312 805 300
577 709 334
661 626 431
243 361 530
316 716 286
583 570 285
573 700 614
195 289 472
428 371 293
501 733 165
752 645 760
182 254 802
368 658 158
192 385 782
750 193 591
816 265 305
403 257 680
754 599 492
283 261 795
213 675 151
137 396 389
590 137 353
627 698 199
148 223 569
447 143 795
425 355 176
696 150 228
689 512 195
498 169 149
298 191 628
292 239 775
332 459 195
687 531 699
309 732 306
264 251 697
452 165 730
777 634 573
238 559 440
301 300 611
766 350 174
436 414 287
683 673 384
641 694 469
578 583 745
590 445 348
712 796 131
403 339 612
677 705 449
248 712 461
412 323 584
242 179 257
690 525 801
681 692 217
219 571 180
180 200 700
401 795 197
694 413 528
620 592 610
622 779 398
298 131 307
269 211 615
381 629 462
332 708 731
559 178 796
771 297 290
308 227 146
510 676 265
794 310 709
625 803 545
664 295 607
768 706 501
429 308 731
802 382 307
433 300 535
444 660 627
321 382 601
325 784 763
481 257 132
127 774 627
129 529 457
169 696 743
384 805 486
352 477 282
782 618 675
710 584 624
318 723 800
234 180 522
134 274 456
174 307 812
671 309 225
452 745 547
661 574 572
291 205 236
149 573 192
268 477 175
364 562 505
718 443 523
280 793 497
194 491 215
804 152 516
134 758 157
262 620 661
562 582 258
241 650 342
551 411 522
357 692 213
777 709 707
797 543 227
696 617 404
530 299 186
702 728 648
654 282 497
321 162 748
644 538 591
716 267 429
685 333 544
426 630 149
323 491 261
770 395 348
404 268 184
291 541 130
477 227 233
288 622 807
693 268 768
811 152 384
472 645 469
301 523 800
808 588 347
761 346 773
333 532 528
814 619 421
231 635 555
616 563 553
666 542 197
242 792 124
636 744 308
263 390 582
264 292 336
516 189 252
662 548 281
529 413 226
348 709 455
407 184 479
437 569 269
427 267 711
616 243 348
669 721 488
800 566 798
374 178 630
509 409 491
157 302 412
446 498 130
661 508 533
468 719 793
150 707 683
720 658 394
375 227 529
260 688 482
126 241 396
472 536 303
178 786 258
230 522 775
184 255 390
199 478 789
571 805 694
581 573 698
517 664 633
251 691 486
440 206 472
203 473 712
309 214 661
230 478 587
225 574 137
439 296 511
355 538 359
653 334 152
749 277 490
209 579 808
711 456 744
798 637 747
332 480 342
236 331 312
682 412 259
336 681 770
592 216 283
239 327 523
242 554 547
396 461 714
545 754 713
608 477 375
708 667 535
784 389 327
544 658 213
385 678 697
601 333 401
687 371 736
690 520 348
321 393 673
342 395 269
741 164 698
529 310 816
274 642 400
261 673 139
520 453 249
632 301 727
452 485 189
270 817 490
531 509 181
367 764 714
527 321 763
409 187 683
422 777 663
437 652 624
260 139 286
748 329 809
470 741 273
636 463 140
381 338 616
128 418 516
306 805 619
489 533 603
248 515 329
359 355 187
219 457 781
813 178 743
148 379 284
285 150 684
124 144 249
252 406 685
726 446 353
534 381 460
382 520 146
455 300 677
231 414 599
164 635 703
481 546 720
491 654 360
362 576 335
803 773 779
660 201 728
596 580 315
403 392 582
753 499 205
203 515 257
555 152 764
270 130 240
223 495 470
345 816 213
482 697 287
599 815 198
181 471 177
433 277 698
424 278 432
478 313 656
439 370 381
346 623 134
438 790 205
374 706 770
400 608 373
328 226 153
558 201 233
418 746 728
701 814 484
281 628 629
687 817 288
281 631 359
301 146 482
674 166 175
634 627 707
403 255 517
613 552 474
279 765 435
777 664 571
222 279 388
266 606 292
282 650 142
423 815 370
358 189 175
803 132 770
653 158 696
533 378 548
294 469 276
772 165 425
402 304 376
718 659 630
166 146 138
471 159 497
729 339 225
734 124 661
422 772 380
571 656 370
142 746 363
335 457 716
176 350 394
225 817 651
710 731 127
351 320 286
636 465 299
585 566 203
583 383 734
347 242 611
611 395 471
709 223 437
155 755 690
303 472 467
709 605 627
495 206 582
407 757 605
688 799 767
152 587 378
197 276 281
138 313 769
435 561 562
393 485 234
459 721 745
643 626 473
502 181 244
208 684 298
147 335 388
516 723 629
356 159 157
391 759 400
319 538 371
761 358 334
393 567 316
262 401 250
213 811 689
505 686 613
737 535 513
224 756 167
443 430 658
303 135 539
357 749 804
139 501 465
678 216 608
501 311 727
168 399 444
474 450 639
758 526 373
382 757 708
327 355 142
378 332 403
377 800 716
808 692 369
487 638 280
303 698 751
232 519 125
237 714 658
641 699 372
151 656 382
702 670 778
521 324 594
751 760 226
194 357 480
562 437 557
276 429 783
552 673 520
631 366 747
440 195 138
762 751 139
601 358 673
272 785 431
496 408 135
413 423 299
510 534 331
678 292 766
680 334 379
630 788 236
461 761 516
545 215 568
157 817 131
141 132 740
695 800 718
381 321 492
178 348 605
770 644 814
190 546 147
705 552 771
302 296 799
228 314 412
750 223 481
287 801 138
558 463 193
450 371 689
609 461 173
736 623 583
575 614 542
304 317 530
646 269 466
719 364 391
414 809 472
468 506 153
291 570 179
362 378 329
210 798 750
682 156 566
174 791 643
619 476 735
369 698 387
433 452 127
422 700 162
539 759 277
546 439 215
626 251 528
334 357 507
480 182 627
388 349 418
674 408 477
477 810 269
451 622 781
295 765 433
442 719 224
496 776 218
776 321 162
651 479 567
129 214 406
313 219 470
618 200 442
547 639 298
124 157 302
646 648 136
728 356 476
742 293 665
426 661 416
488 705 584
682 691 197
337 323 628
341 605 519
335 761 245
214 189 494
449 585 747
254 458 433
397 810 712
808 476 647
563 594 249
245 311 731
738 217 739
410 295 658
206 156 567
583 494 782
256 625 175
193 703 647
296 486 274
126 693 686
315 156 683
253 302 211
321 665 334
431 775 732
584 683 254
477 263 569
716 764 665
411 471 520
775 688 777
777 388 177
345 171 630
505 631 253
555 589 468
549 459 495
566 413 238
136 361 130
417 574 759
551 180 437
146 711 439
538 667 631
353 546 273
807 182 367
577 785 580
256 291 321
648 774 280
146 348 185
465 324 759
423 615 635
201 359 697
628 239 802
770 363 778
767 635 812
758 516 449
275 483 279
537 660 174
482 539 173
361 814 574
375 468 640
529 315 354
236 525 262
196 351 804
287 817 692
776 700 694
787 549 454
637 642 186
733 789 502
209 236 647
327 247 660
513 416 761
710 313 275
220 336 560
392 633 342
537 146 260
346 224 138
456 712 383
176 270 554
200 632 509
429 635 236
614 766 151
690 432 478
277 343 296
126 518 417
456 429 459
329 594 530
512 649 479
671 608 613
258 332 701
623 340 485
727 401 172
133 317 740
178 142 129
575 179 348
452 220 304
527 472 724
708 667 415
744 160 324
220 652 672
738 436 355
299 496 495
475 638 676
420 238 230
148 432 351
150 660 595
215 155 737
697 268 411
253 776 596
350 256 302
613 357 661
780 468 529
550 607 813
423 296 451
419 190 714
786 672 415
163 422 713
551 423 568
792 485 553
619 227 797
776 578 180
289 419 397
655 391 748
173 557 462
260 201 499
533 603 435
531 197 336
504 143 194
519 185 375
332 778 814
320 664 165
727 658 659
636 461 183
718 662 137
212 637 507
297 137 317
474 510 718
376 738 526
591 327 674
213 740 620
641 142 398
509 529 246
655 152 672
815 398 366
613 795 626
280 668 338
528 572 564
697 141 390
285 706 710
704 159 542
162 652 700
459 760 720
147 534 723
470 442 513
450 658 745
144 676 553
311 139 665
191 625 478
643 267 482
574 288 724
417 443 458
779 475 409
722 810 554
367 245 338
621 262 357
758 688 628
308 403 127
140 235 567
730 278 793
216 301 587
817 708 489
366 525 702
701 616 687
524 183 334
199 721 229
479 134 701
652 209 756
257 361 233
213 711 613
421 290 212
685 731 163
263 605 457
352 381 440
629 441 387
673 798 381
218 184 733
281 305 438
701 477 490
332 220 580
552 725 565
699 438 516
696 334 337
753 286 356
292 446 406
416 255 473
720 615 762
438 217 572
441 225 568
585 770 673
537 316 383
166 744 291
381 661 668
147 443 145
505 795 386
719 523 779
602 393 568
606 187 585
231 738 710
686 278 164
178 723 236
434 342 411
177 510 743
643 419 211
428 218 771
208 191 382
691 163 346
586 672 759
512 415 770
733 135 612
778 788 147
138 221 310
589 779 381
400 455 511
228 173 332
501 718 373
777 136 254
247 513 783
495 628 189
430 472 782
350 383 746
417 808 179
716 243 634
502 494 188
421 159 507
307 690 608
494 733 457
154 795 774
433 670 608
227 761 618
469 655 143
477 737 380
415 645 377
261 278 185
773 665 532
488 145 345
207 280 174
388 767 589
560 629 310
764 279 726
340 642 369
394 488 198
519 361 662
649 409 798
776 799 488
732 594 752
798 337 182
271 393 355
484 156 591
432 332 618
437 503 632
289 586 400
608 594 733
563 585 453
594 603 597
727 142 291
531 409 254
694 125 167
621 265 682
813 525 532
373 721 811
775 694 547
150 424 171
236 787 334
379 601 692
278 610 475
628 594 673
513 768 210
388 372 673
483 626 222
285 352 595
792 538 375
710 423 432
159 428 412
307 709 804
347 501 222
159 622 556
810 230 792
816 254 372
394 609 231
597 608 634
781 630 183
197 126 239
575 589 163
798 506 795
262 145 478
434 466 129
429 671 232
395 363 532
318 652 301
534 152 361
416 763 297
325 433 596
786 179 137
548 326 559
569 343 657
404 688 677
278 216 738
725 386 542
260 740 497
566 762 439
404 355 374
377 249 780
619 270 384
815 448 173
663 312 807
470 361 788
383 762 794
229 698 355
362 458 197
362 164 279
540 539 587
763 320 471
505 294 428
652 446 237
611 439 712
207 578 574
742 359 183
414 161 443
469 487 387
638 140 486
802 550 172
327 322 350
742 457 428
705 630 276
400 263 347
745 416 442
608 177 300
691 436 342
441 362 369
692 544 714
343 243 723
755 342 451
326 614 540
137 703 589
756 692 693
717 679 389
186 141 256
405 225 278
197 748 422
177 173 309
296 235 255
510 497 489
285 349 708
210 250 523
474 196 292
443 302 224
275 605 668
742 766 673
363 738 126
799 599 201
149 158 446
225 773 510
255 604 767
231 718 394
503 293 315
606 664 281
477 292 406
584 432 341
160 658 142
696 775 722
187 817 166
279 677 591
497 465 728
332 697 716
730 512 632
625 149 548
490 149 803
473 584 274
193 176 208
636 483 418
416 785 202
689 421 230
471 613 597
442 616 636
565 237 224
570 722 763
253 416 172
305 189 618
205 267 254
751 641 699
159 677 324
682 321 300
593 748 777
614 168 256
748 405 308
129 270 467
813 784 564
213 146 569
310 552 753
538 256 328
352 667 608
583 308 490
434 670 563
331 724 678
704 296 192
736 576 202
602 746 622
174 360 746
150 415 138
481 289 509
534 464 606
468 631 457
363 260 393
420 330 454
210 390 741
337 309 557
209 554 613
594 813 487
432 323 690
698 667 249
463 579 137
715 225 199
230 564 800
556 135 285
193 175 281
335 389 498
624 706 622
491 384 451
251 804 524
291 349 170
762 298 141
136 192 622
353 360 669
164 462 165
579 662 162
696 758 513
812 525 257
314 199 780
593 185 274
613 669 259
316 255 456
709 279 462
346 763 431
797 625 744
245 598 269
132 182 187
211 321 467
642 554 685
649 592 572
602 144 199
439 545 566
499 738 294
358 417 216
714 728 684
464 760 498
463 173 763
433 403 749
776 242 397
134 433 237
152 169 706
426 618 755
602 543 228
447 461 144
661 439 759
144 142 495
363 234 485
317 132 587
324 540 714
391 499 710
327 227 500
567 711 319
567 261 579
641 716 148
753 772 392
382 308 219
705 734 246
563 325 208
588 236 693
746 273 336
551 500 233
319 472 680
442 429 758
546 423 731
548 710 134
712 427 529
467 601 203
625 183 651
193 591 251
321 194 213
749 630 807
718 338 579
723 306 790
186 419 802
234 213 676
562 766 144
816 482 144
745 164 483
392 274 507
131 597 654
798 436 635
350 416 586
584 688 443
766 169 796
792 662 161
185 263 725
377 563 403
478 688 732
293 542 156
670 764 550
489 413 287
782 643 547
502 251 724
473 655 290
230 361 504
554 649 331
208 561 215
310 275 659
723 551 671
603 475 771
446 491 320
725 603 803
755 227 273
140 630 735
810 732 372
651 305 437
552 151 604
817 475 680
480 772 271
446 309 529
159 789 624
425 326 720
281 429 247
336 262 575
153 730 782
368 336 154
128 644 373
173 302 418
805 558 652
229 430 604
619 657 302
693 313 637
572 248 378
790 600 245
139 805 643
384 433 266
569 509 266
478 561 238
507 750 428
242 669 189
589 622 720
560 293 345
234 589 131
328 691 360
253 779 341
675 509 195
242 217 317
336 385 807
137 600 146
277 305 400
805 302 164
799 259 130
