630
662 670 586
554 568 538
617 523 633
565 647 548
539 571 649
530 657 626
631 557 576
581 631 658
555 607 667
607 659 579
599 577 604
540 558 519
597 666 650
626 547 646
567 520 530
647 644 554
609 604 563
646 597 572
646 559 671
636 535 550
606 575 590
680 651 525
544 634 575
647 530 651
557 626 671
619 547 620
561 570 536
600 578 657
613 633 615
534 555 641
632 604 577
584 627 562
531 657 596
543 568 633
674 563 623
624 565 546
596 672 614
570 596 574
538 631 623
632 638 664
588 537 646
620 573 640
645 680 611
612 609 667
525 652 634
591 533 608
559 597 642
590 568 543
594 669 598
598 646 528
580 578 633
544 590 587
613 529 614
520 670 672
641 634 603
531 617 646
620 551 570
610 563 589
564 632 533
530 574 638
557 618 634
577 529 626
525 641 570
659 543 620
620 664 623
599 673 640
579 637 640
556 547 568
637 520 634
661 677 572
579 583 682
674 609 546
532 545 582
584 575 619
527 606 544
566 565 653
594 637 621
589 536 563
569 671 525
617 590 561
562 543 619
609 664 611
559 586 566
613 561 589
546 567 529
518 661 671
592 602 676
522 579 559
526 540 655
546 577 665
682 534 647
557 662 568
636 523 635
548 682 678
586 682 635
531 571 634
531 648 535
536 537 596
584 658 583
659 579 523
655 549 677
522 587 608
587 603 564
571 608 575
676 593 673
678 569 643
524 576 602
576 546 630
623 630 606
522 611 521
537 565 594
580 647 624
576 593 641
642 581 614
594 626 578
585 541 534
665 637 538
645 580 543
582 525 597
545 627 588
516 619 641
519 586 531
624 664 654
543 627 673
552 531 665
525 605 660
563 566 577
542 536 682
574 607 682
673 668 595
627 561 572
569 662 679
629 548 625
535 525 624
569 638 647
602 665 642
665 638 527
577 677 646
607 668 656
555 620 596
648 661 537
587 605 599
527 520 621
559 528 633
556 527 609
596 654 573
583 682 650
632 563 620
585 570 529
556 599 681
647 664 603
594 557 654
657 654 665
613 556 667
609 578 529
676 623 593
641 536 653
656 660 623
587 657 635
564 663 618
642 596 539
538 665 555
540 634 543
592 539 629
619 614 671
518 564 525
557 626 532
608 543 673
674 598 630
636 627 519
657 663 613
594 609 602
670 583 536
581 589 654
584 634 555
574 630 678
602 567 609
539 635 637
527 556 552
616 552 657
519 670 567
555 567 651
571 568 667
654 543 577
651 582 626
679 582 518
559 609 605
602 576 645
644 597 557
585 627 610
522 595 613
597 577 612
652 612 548
675 673 563
649 517 543
557 574 543
593 570 651
519 662 674
530 551 659
611 661 596
526 553 644
519 644 674
676 533 607
566 592 557
633 569 640
609 565 668
635 588 581
592 517 584
678 518 626
564 547 682
554 530 595
579 605 624
621 638 659
600 603 568
645 639 528
544 553 572
520 587 658
572 677 588
605 540 677
623 541 593
542 554 534
624 562 652
620 526 615
545 617 546
657 572 642
532 659 546
668 617 537
602 613 661
606 572 668
521 629 601
518 574 524
630 561 623
650 623 579
543 555 568
525 583 524
621 539 677
524 620 630
649 594 631
618 526 653
572 525 659
618 567 534
596 525 527
531 640 602
605 618 675
528 646 527
617 539 601
579 518 674
580 621 601
665 530 619
635 667 583
578 620 538
585 586 641
521 673 569
646 607 526
599 576 678
573 671 601
642 554 645
542 554 649
519 541 598
605 626 547
645 600 560
647 552 680
639 544 605
647 590 568
641 654 676
604 579 656
627 587 632
666 573 632
519 554 627
549 517 620
657 587 615
658 517 519
631 575 567
595 661 615
674 661 644
608 671 628
621 525 644
648 516 518
562 529 675
564 533 626
600 554 651
598 613 619
678 541 524
589 586 553
654 647 594
583 560 618
534 616 669
624 548 607
653 600 662
649 550 587
572 657 573
648 564 682
522 639 543
621 562 634
626 530 517
662 674 608
657 577 667
517 679 579
612 626 615
655 591 600
637 674 540
589 606 583
653 607 570
614 568 522
517 596 635
536 612 668
537 594 549
611 551 528
640 555 631
663 556 666
654 557 672
571 566 628
648 517 539
652 544 525
645 624 664
538 532 562
517 599 555
583 544 661
578 565 587
570 603 540
636 652 593
679 590 555
650 597 600
563 654 627
517 523 669
603 568 536
609 676 594
538 648 614
622 554 626
633 547 524
638 641 576
527 634 582
545 551 580
524 649 628
645 579 559
566 554 638
625 589 540
569 635 600
580 537 664
518 529 622
530 537 554
641 591 605
605 618 611
539 615 655
535 654 540
644 673 637
620 634 580
588 570 561
606 671 629
600 606 589
553 640 588
532 619 632
641 588 682
539 589 643
602 567 631
678 601 529
649 645 543
620 523 641
569 633 653
671 585 564
682 606 675
544 539 665
602 585 682
599 598 583
671 617 556
603 652 555
580 572 632
621 670 598
522 568 556
578 526 525
524 535 554
571 620 639
639 539 530
638 682 676
554 657 671
660 517 516
654 628 582
597 646 644
635 571 633
569 576 531
535 655 565
646 547 623
555 587 625
643 615 591
573 540 527
644 547 627
673 530 639
665 669 575
642 631 614
595 665 579
646 567 614
553 516 575
655 562 544
518 671 646
671 572 656
533 627 534
679 660 590
536 609 550
623 682 619
541 570 550
569 652 615
611 543 622
531 562 646
538 532 581
657 591 645
675 585 677
608 611 604
590 663 655
557 603 521
546 591 577
545 535 550
536 620 577
619 595 542
677 602 560
661 641 616
516 645 529
527 563 590
539 597 624
581 628 679
531 628 581
530 642 610
517 633 640
568 533 627
641 571 539
556 545 560
673 613 611
608 590 613
670 647 524
671 577 611
631 587 525
671 614 602
573 596 668
558 625 677
582 534 547
547 590 564
650 576 675
629 548 566
632 680 675
545 641 669
662 543 663
681 557 598
659 614 531
680 577 646
557 531 528
560 622 559
651 574 658
523 550 643
670 677 664
655 582 678
597 582 668
535 598 522
663 543 531
653 660 639
556 569 573
521 657 554
554 548 589
645 618 528
549 538 642
568 597 681
611 526 570
652 601 537
545 587 561
638 621 620
557 621 679
593 666 633
536 671 574
560 679 609
523 531 581
663 666 639
555 585 608
678 569 531
550 592 621
578 656 602
681 647 549
672 681 573
566 639 622
627 537 647
672 589 519
671 664 670
631 651 667
583 606 570
655 535 622
576 669 559
678 670 578
530 680 635
652 556 600
517 675 624
630 644 589
570 640 546
674 620 557
594 559 562
581 542 610
557 529 534
531 632 554
575 583 630
533 558 613
673 592 578
517 631 635
667 631 560
540 559 591
624 565 539
560 679 666
534 584 543
530 655 576
573 546 537
577 538 575
629 677 588
639 551 540
529 587 668
648 652 572
657 645 639
539 574 587
676 636 619
555 609 523
556 522 528
525 618 579
548 630 609
531 547 610
633 521 559
615 541 558
662 558 566
523 656 541
640 544 562
626 539 603
676 565 555
591 520 590
600 525 584
602 583 576
571 574 678
551 577 665
665 597 650
667 651 679
555 549 650
591 596 679
663 670 525
631 530 658
612 535 613
534 569 619
522 595 676
652 545 561
651 554 530
542 622 589
607 583 664
590 576 594
582 591 525
629 555 605
630 629 542
662 621 581
671 653 528
551 609 593
527 526 673
617 610 586
631 556 682
621 666 586
583 564 522
635 678 630
575 531 679
615 670 548
541 522 645
680 542 642
571 601 532
550 547 638
612 585 659
667 521 555
609 622 654
608 523 658
539 542 603
679 634 574
527 534 525
646 663 529
640 677 595
555 680 597
664 652 586
652 624 524
563 648 643
677 589 569
644 646 525
573 584 572
586 641 621
634 658 585
593 598 550
591 560 604
575 645 606
608 550 596
664 675 561
570 646 581
643 631 627
616 585 529
618 552 631
566 604 523
625 629 557
644 643 623
551 624 671
560 623 649
593 649 540
522 571 590
617 525 536
517 589 647
605 592 584
554 646 549
559 584 677
617 668 680
625 580 656
559 517 641
607 574 626
669 667 550
679 658 547
615 595 601
531 574 645
670 567 651
528 587 627
633 616 553
570 668 567
564 553 571
660 534 667
629 668 605
590 547 652
619 605 660
678 554 666
603 600 620
533 557 576
680 657 622
623 611 673
523 559 552
659 634 628
626 576 603
616 580 564
650 612 533
597 552 554
522 521 610
