534
570 545 493
564 567 628
627 633 676
471 685 561
438 632 453
579 593 533
686 618 672
649 505 542
543 615 544
503 677 607
701 472 518
473 626 470
672 540 486
478 501 561
620 540 656
483 464 634
677 592 582
605 591 436
496 479 603
616 496 469
481 537 460
561 651 577
466 660 579
701 548 671
626 599 683
496 677 639
641 515 606
593 629 523
580 668 618
605 507 480
517 607 524
588 486 578
534 607 695
520 482 708
519 706 455
641 655 463
516 636 447
647 517 632
676 706 478
670 446 655
494 594 646
610 697 659
613 476 593
537 674 568
519 504 649
635 659 457
572 492 557
649 442 704
672 629 577
625 637 503
666 478 460
599 463 592
600 453 503
456 696 528
447 649 670
603 523 468
669 490 555
663 539 655
617 486 473
669 538 628
499 588 513
507 474 659
448 595 522
446 527 547
546 614 688
691 694 567
556 636 606
602 658 438
584 465 580
557 519 447
594 583 531
584 684 441
482 683 436
441 543 499
524 513 469
614 438 557
601 630 579
562 559 489
656 481 628
583 582 631
479 440 461
622 514 456
609 617 612
474 600 491
708 500 462
471 515 466
605 515 538
585 638 470
466 486 686
701 616 517
658 637 468
479 699 646
692 510 630
535 595 635
675 552 663
640 557 441
603 570 468
507 528 574
653 517 572
565 479 567
465 599 531
549 597 449
466 654 646
611 530 485
595 467 532
597 544 573
609 694 536
684 537 583
487 456 707
488 495 448
488 444 597
596 543 441
675 639 442
576 447 651
693 617 681
688 582 569
480 604 444
539 581 617
583 579 523
549 563 617
623 473 704
492 667 606
582 482 460
491 529 685
655 521 518
542 461 702
528 492 533
651 547 459
567 460 456
610 464 641
708 675 602
586 595 568
554 459 614
682 668 515
436 473 467
494 477 570
563 510 498
581 505 604
528 565 529
707 591 672
611 690 693
665 513 597
457 667 569
481 523 465
704 627 458
461 482 438
496 708 565
510 460 584
578 564 573
547 691 567
597 489 677
477 681 572
446 493 562
618 620 708
520 581 613
636 472 646
640 571 675
437 534 679
602 473 437
666 580 459
450 490 676
658 586 674
602 673 529
441 464 681
661 576 603
508 586 483
502 454 538
690 444 654
520 581 647
572 588 558
639 508 507
585 648 695
557 562 584
474 530 531
492 675 574
461 451 649
638 473 702
565 459 602
686 533 645
534 530 705
628 640 651
521 574 539
585 614 708
460 541 556
696 614 517
585 603 457
588 474 598
646 445 490
520 474 512
475 567 608
552 631 487
530 539 460
678 667 492
625 525 682
547 684 505
665 501 584
574 515 522
474 514 498
602 667 611
689 646 596
465 706 472
520 467 488
512 708 564
458 584 688
551 576 593
504 649 638
528 559 555
698 599 497
552 640 597
611 493 554
631 579 700
565 553 662
578 614 465
704 566 519
555 672 488
672 562 494
502 645 697
556 458 605
458 442 468
686 566 521
634 569 708
560 532 477
698 641 490
567 655 444
526 607 608
707 677 679
639 607 528
666 683 615
636 463 544
544 526 569
519 474 444
624 439 649
490 529 480
458 468 632
609 592 491
511 473 662
489 514 497
663 456 586
603 557 552
575 479 650
598 543 581
536 539 601
625 444 645
680 470 689
625 570 482
683 622 598
671 479 548
603 657 550
690 655 639
464 461 687
602 514 511
503 542 478
501 450 518
582 522 451
455 532 448
469 663 444
505 438 467
501 608 502
484 594 661
504 629 551
680 618 561
462 701 457
586 600 475
501 602 625
675 454 640
625 516 570
487 648 685
570 523 660
674 512 493
684 597 561
553 607 534
700 497 638
557 642 693
705 524 674
609 449 513
475 621 560
488 508 509
447 483 519
703 529 448
651 436 443
477 700 604
611 542 667
450 545 491
461 605 540
674 535 473
448 561 593
611 489 440
596 621 526
467 658 636
577 605 593
510 689 682
510 484 645
689 679 668
673 542 457
702 483 526
577 616 494
495 587 607
703 454 576
456 447 678
617 646 462
629 446 615
532 694 499
584 596 663
481 480 572
469 462 684
560 574 670
513 529 453
703 486 618
691 634 581
572 549 707
560 536 679
696 578 684
661 504 447
592 618 707
516 489 549
675 591 701
576 628 559
611 469 564
477 707 608
568 619 618
478 545 687
545 613 550
455 507 619
590 524 512
684 455 678
501 707 516
631 638 629
657 507 439
668 483 607
464 579 467
707 496 585
481 546 683
503 708 574
671 573 667
492 575 458
493 687 465
449 614 517
667 683 673
658 473 454
471 589 472
702 531 703
620 518 554
635 622 537
671 708 547
616 600 483
568 626 542
528 516 519
678 617 559
700 573 588
690 644 567
666 487 580
452 519 686
620 491 612
640 556 567
686 616 484
464 446 707
628 486 599
463 667 558
613 451 437
667 471 625
522 553 700
596 547 552
683 503 456
479 641 614
447 590 469
623 489 618
457 499 440
468 596 679
598 595 637
705 697 456
627 532 494
567 682 446
674 551 644
597 549 564
604 485 506
612 640 477
445 449 569
637 688 488
707 472 491
479 704 677
597 438 615
559 523 439
599 572 556
473 443 488
607 582 525
626 683 513
559 487 610
527 504 667
558 487 687
516 612 564
568 536 704
610 669 483
503 540 461
580 676 451
604 652 578
648 436 465
520 488 689
437 463 558
587 438 544
466 685 455
448 547 621
527 453 585
544 590 619
705 577 561
549 442 552
708 599 624
543 554 629
690 484 688
534 577 510
624 529 497
477 470 663
459 671 447
639 502 589
484 569 551
692 534 507
458 629 602
492 684 676
496 476 659
628 551 675
687 674 554
673 493 686
547 541 532
687 631 649
675 630 448
554 441 534
598 587 653
523 491 438
470 538 500
692 563 489
471 604 523
437 458 554
457 446 548
482 545 684
584 483 538
450 538 503
468 578 479
664 439 643
585 550 479
498 516 438
476 526 582
451 459 480
548 624 651
702 628 453
507 638 458
616 482 695
629 654 440
698 522 674
592 436 530
521 573 506
591 621 627
449 556 549
692 698 510
517 597 456
561 609 449
519 601 523
482 484 576
533 695 671
697 499 460
461 455 610
440 639 568
610 674 469
490 482 658
654 582 590
453 563 527
585 522 539
666 466 524
621 534 590
608 503 517
636 530 558
568 470 677
598 605 473
669 628 551
642 635 662
694 562 464
580 629 653
607 535 498
540 514 681
516 630 648
445 624 471
500 535 690
532 600 494
577 574 540
482 451 676
489 685 462
629 657 558
577 553 608
615 662 637
583 665 493
680 542 538
619 519 518
574 538 561
605 442 571
609 455 692
536 530 501
686 474 483
623 629 618
621 530 549
437 617 491
548 544 663
696 481 453
690 512 653
625 463 465
581 631 456
686 695 701
634 650 515
688 662 600
498 455 443
680 694 546
548 504 684
454 506 481
600 448 597
581 469 702
451 618 626
684 669 675
608 703 652
516 535 668
554 536 620
612 466 512
701 496 664
668 641 622
514 703 440
704 488 468
501 580 510
684 611 668
577 607 514
665 450 449
632 453 661
704 450 694
616 583 669
553 493 537
630 587 457
603 566 509
573 490 458
655 498 630
