337
365 392 426
501 742 709
476 438 284
371 672 359
470 331 302
461 296 429
455 291 329
779 672 646
701 458 297
754 418 513
763 457 305
480 356 608
625 585 382
566 657 352
553 343 449
479 517 674
763 533 678
301 683 581
454 774 639
465 474 470
592 348 619
442 358 324
421 571 353
710 517 444
296 617 297
355 390 332
283 734 363
590 538 718
735 559 304
712 492 312
760 671 609
351 700 554
712 428 640
703 660 555
619 426 371
336 565 521
768 589 574
701 389 439
741 351 682
766 736 399
501 356 772
587 690 627
331 274 435
737 558 429
396 569 484
476 406 589
617 520 553
560 353 606
357 565 421
274 347 395
503 483 319
302 490 659
774 662 753
578 333 491
330 724 302
634 303 391
275 755 370
635 600 593
714 778 550
770 352 669
745 458 555
342 492 742
455 594 366
359 582 383
700 323 510
648 427 665
758 755 435
315 580 613
667 645 635
472 654 696
555 619 307
751 339 537
410 706 337
459 412 325
314 692 456
417 525 744
752 495 612
715 516 597
351 406 758
444 724 673
761 586 736
679 436 362
282 704 564
280 546 281
362 604 702
667 419 500
478 408 710
369 746 770
440 312 423
645 623 334
666 469 528
659 313 698
297 554 444
388 517 308
391 693 533
735 403 312
476 632 628
624 450 533
753 748 515
776 529 513
503 274 690
717 446 298
594 345 432
646 499 273
324 610 457
463 506 749
470 629 568
641 437 729
409 406 433
282 753 505
284 480 382
426 584 394
754 299 303
749 316 742
690 601 343
278 600 657
362 778 714
522 381 409
376 679 580
665 321 533
630 304 342
738 710 532
684 348 763
635 352 307
413 341 401
717 309 404
754 375 638
687 382 525
538 519 372
362 277 774
522 450 642
757 563 314
665 421 309
415 439 351
778 462 355
342 639 355
660 621 750
648 471 602
638 472 313
297 345 440
731 624 277
521 321 436
554 605 363
330 602 466
547 327 549
600 605 280
781 351 374
602 749 718
404 394 764
572 505 702
653 408 676
568 668 541
588 315 709
719 677 463
348 637 311
483 551 507
543 777 284
616 272 585
556 322 647
638 623 447
425 278 352
632 651 776
592 639 636
397 302 492
389 300 683
637 275 427
476 479 612
341 444 537
501 370 614
352 530 702
394 447 748
765 651 586
459 653 613
483 606 417
564 299 435
512 658 735
522 688 723
581 585 642
501 654 341
729 499 535
767 596 442
722 440 778
514 417 392
598 731 568
713 507 367
476 361 305
335 301 701
353 743 772
746 390 649
521 369 657
371 557 718
596 303 776
623 396 324
628 300 708
678 711 665
321 611 303
762 406 484
387 615 500
472 572 457
459 371 412
649 640 747
490 678 368
357 721 735
455 346 296
472 384 430
529 443 580
349 385 522
601 575 511
429 451 391
495 362 527
482 662 567
341 470 348
534 332 397
769 634 354
446 405 374
747 519 753
779 391 736
324 417 638
360 740 725
460 622 662
489 502 407
758 468 652
655 314 640
354 560 315
346 565 604
749 688 462
571 535 298
653 572 761
512 433 477
506 456 419
701 332 324
661 709 587
542 731 586
402 521 483
620 393 458
761 465 361
713 272 685
319 639 707
687 581 510
439 517 549
726 586 342
698 668 373
705 381 601
585 541 587
702 381 601
411 435 630
291 615 672
285 395 358
586 335 731
743 350 425
534 445 777
558 422 478
392 420 310
680 437 684
704 563 610
274 560 573
545 688 477
576 729 448
286 749 571
479 275 310
623 716 766
499 333 716
667 314 737
415 490 702
469 528 575
740 278 498
422 451 706
601 292 359
563 693 755
288 779 386
370 592 756
455 333 644
281 584 513
722 587 318
339 655 390
704 284 751
524 278 702
580 384 468
723 553 494
529 489 420
635 566 551
687 523 653
704 672 511
559 608 350
604 684 292
605 555 522
400 571 328
296 766 694
684 606 688
487 304 344
482 684 579
464 770 366
331 420 272
771 719 748
726 616 431
480 432 554
590 533 520
499 676 467
674 357 745
361 762 296
736 679 329
654 655 644
664 606 464
554 728 286
666 681 363
714 460 420
680 552 459
595 707 483
453 569 418
734 347 291
548 475 452
334 423 544
278 297 437
687 780 561
305 569 753
773 705 601
576 595 725
775 664 684
671 350 664
573 315 346
636 277 529
391 379 477
494 493 777
317 709 751
316 648 400
590 680 360
484 565 427
274 320 438
439 500 691
517 758 632
700 421 313
781 453 542
699 311 630
400 720 551
711 455 544
534 551 492
554 539 740
