970
340 374 429
304 470 344
295 330 530
306 396 252
366 423 540
413 382 308
359 368 381
271 345 391
540 436 412
466 289 332
461 351 372
410 460 559
529 469 542
454 380 412
408 304 403
462 320 568
334 249 389
352 568 541
259 385 443
353 392 533
315 440 379
513 266 402
464 387 359
412 496 417
477 242 469
525 375 437
531 432 391
458 555 524
519 242 437
260 533 350
516 541 287
509 356 271
556 410 533
520 445 349
383 505 443
359 447 275
269 473 463
377 482 541
345 410 517
314 416 287
502 438 417
400 249 534
359 477 426
253 537 374
313 261 486
312 300 332
283 270 462
473 345 339
344 468 488
326 404 374
563 483 529
255 452 350
553 464 559
425 266 292
546 543 549
341 338 434
350 296 502
314 277 292
530 371 432
267 263 283
424 450 249
410 568 310
453 317 299
472 358 456
483 295 546
557 489 396
397 506 317
417 557 263
302 358 518
390 396 301
305 382 396
399 370 244
282 364 410
366 315 398
349 330 274
355 555 432
291 502 303
555 320 434
502 370 559
474 283 475
360 272 286
379 455 243
486 394 500
283 419 415
483 248 516
390 416 555
260 269 560
522 463 309
392 507 563
303 477 378
559 467 505
430 515 551
411 461 266
365 459 548
444 448 381
553 253 269
455 523 547
362 521 564
418 373 258
524 341 295
437 330 244
307 519 318
493 340 522
341 457 450
331 518 485
333 367 313
307 563 295
398 374 355
452 519 324
322 549 462
504 289 484
395 565 417
259 409 331
507 513 430
503 389 562
517 419 246
411 515 391
261 530 486
428 414 424
280 417 490
290 398 278
323 423 408
565 466 363
522 487 294
401 538 346
543 372 494
566 427 277
266 307 249
355 304 366
395 293 330
298 555 313
510 363 395
295 568 300
554 351 361
414 535 488
246 340 355
414 444 453
361 501 328
302 340 455
546 252 408
540 526 381
301 276 412
518 529 352
560 376 280
550 524 377
545 410 386
381 428 360
295 309 542
321 529 414
389 446 248
399 422 405
516 401 435
534 392 434
353 540 338
295 249 491
431 424 347
296 246 556
516 439 279
330 272 253
362 247 315
442 303 311
564 520 340
383 373 542
378 466 527
527 269 541
427 252 447
298 509 403
341 560 481
552 467 369
416 331 249
487 466 262
476 516 382
299 383 543
527 293 521
477 505 467
294 511 420
468 314 485
263 278 385
398 553 258
389 301 371
309 331 245
286 456 389
536 365 450
254 542 263
246 514 276
343 312 292
408 526 544
375 408 435
442 469 366
252 360 380
279 473 382
362 363 493
403 533 484
543 418 494
492 441 418
458 362 298
409 378 473
569 393 361
366 560 569
406 408 434
369 296 304
498 274 485
391 434 410
565 322 544
436 309 524
558 440 286
524 434 322
562 559 447
333 434 287
446 284 330
384 566 364
409 307 254
374 422 255
443 551 270
450 509 365
422 389 353
384 565 457
260 384 380
456 298 385
340 492 414
331 350 384
340 553 521
319 441 470
533 401 295
271 355 267
352 473 267
422 314 345
555 415 458
492 458 325
406 494 273
351 326 271
338 448 517
382 400 526
511 261 485
263 400 474
504 424 400
543 305 470
261 345 514
282 360 400
306 338 413
375 315 402
284 532 567
435 243 342
520 567 256
506 558 300
556 442 245
496 264 494
443 425 467
457 244 561
563 290 399
404 507 552
259 508 422
525 243 312
343 473 454
260 523 323
565 475 328
568 443 459
272 530 509
547 414 540
452 393 289
285 553 478
338 534 413
271 274 460
400 456 367
304 502 467
315 288 299
342 329 327
249 458 551
388 381 547
260 526 250
288 421 298
405 559 443
397 504 301
498 357 478
397 560 361
278 495 558
501 475 514
289 368 408
316 495 266
283 416 564
352 417 288
242 470 421
411 548 472
355 495 471
333 552 471
462 569 247
320 492 260
563 487 330
367 539 566
476 301 525
299 292 259
323 295 462
529 401 295
468 415 263
468 452 517
349 397 298
420 289 459
291 283 461
327 410 513
558 517 273
340 337 380
439 297 244
407 562 427
245 385 415
502 356 265
384 275 550
455 547 333
289 276 441
345 482 551
396 333 491
525 422 253
475 343 285
294 275 383
479 361 322
464 499 520
400 471 446
317 377 267
344 513 533
454 512 388
328 277 394
361 409 354
367 254 523
444 276 253
451 526 543
320 251 310
369 274 543
445 547 281
502 243 375
517 541 386
503 558 368
423 374 324
360 471 380
553 329 298
434 325 565
436 369 493
568 367 265
449 535 252
528 244 421
499 399 552
478 348 508
326 429 287
451 545 445
490 462 260
282 445 396
378 333 299
423 340 330
296 491 487
500 547 375
254 564 245
262 263 250
567 364 484
371 302 416
334 566 269
294 566 293
482 547 553
508 380 439
535 273 389
338 453 358
309 516 324
538 325 303
474 504 307
530 315 467
543 417 410
383 526 372
329 283 449
371 508 428
375 288 320
492 437 348
302 474 522
296 481 291
312 471 250
473 539 315
448 462 461
551 480 544
414 501 310
384 555 452
325 376 339
349 471 381
321 359 392
527 311 319
477 562 353
417 420 350
483 300 386
336 521 327
398 407 352
546 392 463
432 315 558
393 390 458
441 246 285
380 511 346
414 540 525
372 422 284
489 507 312
550 516 568
520 362 335
497 364 506
490 288 493
566 288 258
306 402 320
259 421 252
559 354 340
418 427 539
419 458 307
296 563 394
325 416 424
467 349 315
272 242 294
404 514 316
322 364 481
336 537 562
329 539 363
422 384 259
312 299 512
247 415 432
548 367 340
420 406 263
262 331 317
334 402 276
243 386 427
328 424 323
396 536 308
420 532 553
554 459 322
284 257 528
424 399 515
515 245 351
485 333 563
520 422 343
352 282 379
481 284 296
471 453 276
511 325 258
247 363 359
245 559 345
334 515 511
297 557 510
393 288 295
399 484 318
437 554 427
494 509 481
350 266 525
317 442 554
463 477 478
285 368 425
257 259 397
554 252 498
294 562 352
456 273 288
297 540 353
487 460 290
379 505 552
462 309 522
257 364 476
407 357 560
518 380 421
325 477 466
444 496 339
506 275 457
503 526 472
258 423 291
320 547 329
485 429 492
528 479 281
469 492 568
399 391 451
256 243 363
528 242 520
551 387 283
479 487 545
430 436 418
421 339 246
508 326 304
456 375 339
273 397 296
397 415 381
340 392 433
514 329 266
430 348 391
463 505 313
502 245 330
263 350 517
475 541 568
257 386 499
445 557 400
295 377 504
391 367 469
379 293 483
528 496 352
490 249 242
372 415 303
304 478 402
389 411 248
446 463 487
508 510 289
255 338 428
428 513 363
562 290 531
460 552 526
339 534 511
464 458 317
273 255 455
343 480 496
381 566 477
564 362 307
447 514 528
506 274 351
524 385 364
518 569 541
242 278 514
388 337 354
478 537 415
475 465 564
255 405 264
357 301 272
397 248 454
360 303 311
286 384 556
258 439 378
386 307 554
393 531 333
319 496 503
242 374 332
259 335 465
338 325 421
282 508 359
497 351 338
486 292 381
446 351 569
434 357 324
441 322 463
303 268 472
344 439 342
508 456 409
513 382 394
536 523 293
526 558 404
432 303 485
510 561 416
304 296 519
370 383 414
301 433 323
244 390 308
500 460 485
378 278 388
404 344 475
412 501 450
267 438 410
393 281 264
486 399 544
276 242 502
276 460 536
475 485 428
446 381 293
258 435 366
420 452 323
404 520 451
380 488 274
369 320 347
406 422 554
255 335 473
341 401 332
271 261 360
339 480 424
318 282 344
381 521 488
491 500 524
373 540 398
325 469 557
489 271 285
451 347 443
464 288 485
414 545 489
464 448 523
333 414 288
398 311 478
307 262 520
537 246 421
457 427 548
503 388 338
267 315 329
253 424 479
446 350 290
552 322 542
484 408 379
521 272 428
396 514 489
324 368 464
313 286 446
306 505 275
391 377 502
387 398 450
327 267 248
456 473 436
480 531 547
364 275 315
561 266 387
336 441 437
264 563 523
446 280 414
377 541 362
469 360 281
542 499 424
251 366 508
439 307 284
286 442 521
507 421 354
562 264 294
509 564 351
280 558 560
385 391 375
310 492 388
262 324 355
298 386 377
370 357 463
351 551 509
404 353 498
300 370 378
373 305 476
341 499 288
464 567 553
388 432 459
486 529 394
554 252 242
394 323 308
349 475 305
321 355 361
253 504 359
296 280 323
419 489 491
363 540 292
280 562 515
288 297 390
523 569 289
273 284 320
317 285 385
252 557 449
266 264 553
266 429 282
427 259 414
326 502 540
362 288 513
482 243 495
385 489 376
277 247 511
400 281 312
381 250 467
247 528 414
533 543 270
480 279 374
328 559 517
368 338 242
457 482 406
269 346 435
535 531 512
321 253 292
410 304 279
528 378 399
282 479 525
267 338 383
488 533 514
496 530 270
350 490 292
318 532 276
568 316 242
272 244 415
260 292 304
433 387 452
328 263 298
341 350 530
411 393 452
329 471 481
414 294 355
497 346 355
281 379 262
257 547 521
425 281 394
322 319 395
306 340 494
302 407 494
357 331 301
285 304 482
514 328 361
414 327 270
446 355 556
550 415 271
551 299 565
273 293 393
262 498 330
345 313 421
307 459 550
410 540 328
511 567 380
554 475 479
397 450 457
382 548 554
286 486 348
491 475 364
394 548 502
448 260 362
358 354 412
244 373 308
326 540 388
408 485 346
283 545 364
350 507 422
459 262 555
465 405 438
445 502 298
402 319 535
332 517 308
532 315 514
361 409 487
397 249 400
505 463 348
381 539 555
375 467 337
303 553 423
387 375 242
544 313 543
506 281 472
268 391 486
409 489 492
499 475 537
408 520 428
501 277 498
446 349 555
385 444 319
279 548 248
382 428 535
525 435 363
350 437 244
249 474 316
542 350 288
467 276 268
300 289 327
455 389 488
565 309 482
372 256 250
559 316 437
263 306 385
414 359 294
540 497 378
266 567 420
433 496 337
355 335 328
495 407 445
505 566 443
253 298 481
322 420 260
479 504 282
370 426 364
322 285 272
480 544 475
558 329 435
467 261 344
264 445 475
342 290 306
271 448 260
483 321 340
383 515 562
251 510 420
414 516 332
519 362 466
558 320 411
465 455 530
512 348 513
395 492 568
380 298 466
546 399 526
252 319 333
360 418 273
362 270 264
285 567 520
416 302 519
428 287 461
509 457 304
252 533 382
451 387 500
472 548 413
284 417 319
554 289 453
474 335 368
505 298 333
391 514 513
556 341 459
520 553 408
444 364 296
274 343 296
281 260 509
391 282 483
494 496 406
515 398 321
355 438 245
398 435 298
321 394 260
376 543 352
427 541 351
325 491 447
535 288 263
503 295 315
446 273 502
322 259 468
249 317 283
498 370 549
350 446 486
426 430 427
429 478 389
421 538 285
245 512 314
359 457 344
394 476 514
319 494 324
564 460 495
478 388 455
423 267 546
323 551 545
434 543 387
563 473 339
557 375 347
274 555 436
542 534 267
538 473 400
245 512 346
462 412 309
499 441 284
471 250 259
493 271 345
399 512 339
262 418 404
385 426 256
286 284 529
337 300 459
321 289 408
271 412 378
366 338 279
303 299 392
246 401 468
452 552 284
264 242 407
433 363 280
527 538 562
370 272 503
422 251 495
365 447 268
512 244 546
550 323 428
288 506 533
482 497 294
376 520 491
474 387 373
450 379 362
540 504 345
461 486 398
512 449 349
277 365 279
426 437 326
395 357 314
296 552 378
303 507 258
303 398 393
347 372 428
560 489 355
487 521 495
289 317 413
309 319 526
344 522 267
409 313 336
501 504 318
542 368 292
515 559 278
289 554 392
343 242 531
353 434 348
323 523 499
465 452 495
526 262 422
323 382 244
376 381 423
273 474 428
481 519 338
349 262 462
396 468 349
455 320 314
444 386 490
313 429 476
405 396 520
321 541 283
349 568 367
379 341 355
347 563 277
496 516 489
544 501 345
326 439 454
470 314 393
472 411 501
451 374 256
281 495 304
526 560 330
536 251 262
337 319 556
467 390 441
551 450 382
317 531 285
406 301 568
385 343 479
491 436 402
280 551 385
302 384 354
268 456 519
361 410 516
537 459 374
271 371 365
321 346 313
415 249 386
467 312 451
497 342 297
291 533 402
285 305 429
250 411 294
449 409 523
533 378 391
292 261 300
245 369 446
476 497 491
352 265 354
345 557 338
264 478 382
400 545 402
482 349 437
418 334 567
322 537 471
563 493 398
349 429 545
326 530 488
344 252 314
394 256 354
270 561 321
298 403 417
375 543 431
425 306 246
472 430 422
466 307 331
407 534 518
505 257 251
532 253 381
366 490 550
353 377 532
356 476 559
248 435 364
265 434 448
399 329 382
404 468 560
418 261 325
254 361 550
287 531 444
405 467 274
316 428 375
381 462 336
482 352 505
423 427 302
262 552 458
446 532 569
407 515 360
331 552 319
349 369 470
561 356 349
321 341 389
444 487 389
452 387 433
283 371 367
