896
857 797 777
849 813 857
778 776 805
773 777 815
840 839 833
823 791 796
849 851 792
829 832 799
808 828 857
803 779 795
824 806 817
844 808 817
792 848 812
785 821 795
786 811 822
799 842 857
845 849 813
822 823 830
841 853 842
855 856 812
803 798 816
837 831 809
843 814 825
792 807 771
801 809 775
847 831 855
857 783 838
808 829 852
807 822 798
802 801 822
830 834 847
830 828 852
803 795 786
834 843 839
829 794 778
779 799 851
847 844 782
804 791 814
852 800 837
843 814 857
828 817 853
775 785 811
840 835 815
801 849 797
793 803 801
799 786 787
851 776 844
818 801 773
779 788 820
806 812 809
791 852 814
841 789 817
777 841 848
803 827 774
850 833 842
802 777 830
793 838 850
850 840 821
850 803 811
847 814 850
841 828 839
808 849 775
791 781 790
837 806 829
843 845 805
788 830 857
826 856 781
780 799 836
826 775 784
800 846 811
824 833 853
794 773 790
842 830 819
795 810 779
815 770 833
801 804 789
831 812 844
822 805 802
828 851 783
839 812 833
848 846 774
844 783 846
776 804 828
828 851 809
837 822 830
846 792 815
829 794 821
827 816 785
811 816 831
788 841 822
791 772 814
783 789 828
814 804 818
807 803 848
845 839 783
777 805 791
840 780 790
856 787 848
786 853 819
821 851 852
842 809 792
840 777 789
851 845 821
842 783 838
789 831 837
836 831 783
783 835 806
823 787 770
779 797 771
826 848 801
827 802 804
804 841 814
774 819 801
854 840 851
822 773 810
854 857 813
828 818 813
840 790 816
802 842 815
770 772 789
796 812 839
849 855 790
842 806 820
801 827 786
796 806 791
828 782 836
796 801 830
854 801 827
825 785 853
841 852 849
856 805 790
796 854 814
840 831 773
784 857 817
791 797 830
850 826 821
844 792 814
788 827 854
794 836 820
850 852 853
778 776 839
808 824 837
837 834 782
815 814 790
812 857 829
774 787 827
851 828 775
826 784 783
836 803 770
857 790 779
851 793 783
821 847 839
831 805 827
845 842 835
792 789 799
836 840 852
799 847 782
835 828 782
824 851 773
793 790 821
825 829 813
796 831 826
824 837 770
826 796 780
787 785 826
802 803 846
815 813 807
773 835 780
853 851 834
824 834 812
830 857 849
825 850 808
838 854 831
779 803 822
826 788 842
836 775 851
823 774 841
829 826 847
776 837 796
818 812 793
803 856 802
782 835 806
790 798 788
833 780 819
853 798 823
779 770 801
824 791 800
786 836 804
773 828 836
793 819 843
857 773 845
847 792 842
832 777 804
837 780 790
856 794 821
776 809 848
808 778 809
796 832 848
832 771 807
792 809 789
795 839 792
825 823 838
782 812 825
826 813 808
825 794 785
786 805 843
839 825 796
777 843 780
801 810 845
770 785 855
838 773 850
775 836 797
812 810 800
778 825 820
829 839 855
829 827 836
796 774 781
789 804 799
793 808 846
847 818 829
771 856 837
795 771 788
776 781 801
815 805 790
833 852 802
803 839 776
848 857 825
820 809 851
820 832 802
825 834 801
810 785 829
828 807 846
783 797 852
854 827 797
776 823 855
773 834 796
817 857 835
820 844 822
828 844 795
846 822 835
816 777 807
855 849 811
807 839 804
817 777 787
852 782 788
816 854 853
791 853 813
826 846 845
843 857 794
805 790 844
818 851 834
790 800 818
836 770 816
842 799 812
850 788 831
793 843 808
820 805 778
772 833 831
809 800 832
794 791 822
772 799 848
776 830 839
799 824 820
840 825 838
807 845 816
809 775 770
805 821 854
775 805 777
790 770 778
807 790 793
811 847 810
782 781 854
798 821 791
848 821 809
809 839 845
807 792 772
832 787 805
820 776 857
846 783 844
834 778 839
852 829 839
824 779 819
795 805 811
846 854 857
852 814 824
809 794 857
815 850 846
820 825 845
775 809 840
827 832 826
801 786 852
820 839 804
788 790 792
816 826 788
815 782 819
835 825 792
825 838 829
783 843 848
839 790 800
798 852 827
772 823 831
814 832 800
796 783 781
804 856 850
837 795 811
846 822 791
848 852 817
779 856 841
772 802 847
825 837 847
852 783 787
800 826 853
810 857 813
842 843 833
843 782 852
780 798 818
825 827 777
849 787 845
805 782 845
780 784 842
808 830 832
819 770 835
802 817 856
773 805 798
773 785 847
833 787 828
808 838 784
831 801 811
807 817 800
851 823 799
828 846 806
801 784 811
784 793 827
771 844 774
840 787 824
852 839 814
856 844 774
791 843 838
800 783 827
811 849 777
792 781 799
780 796 807
836 849 833
789 837 820
845 857 822
832 790 839
807 812 811
843 808 770
835 789 846
807 801 798
789 847 829
846 770 791
774 807 850
857 842 788
839 835 817
784 826 816
815 855 809
797 807 843
822 856 776
795 821 836
840 813 852
854 788 775
817 796 849
773 854 776
804 839 814
816 849 778
821 812 797
787 850 844
838 854 806
843 806 849
844 838 821
794 826 823
832 781 777
784 835 791
813 818 828
847 850 782
824 783 829
791 839 788
802 810 851
802 787 815
793 782 810
857 797 831
793 826 821
848 815 832
836 843 795
791 782 837
774 787 851
816 839 831
779 836 800
798 778 845
829 828 806
770 846 792
810 773 828
847 838 844
845 823 798
773 806 780
827 795 857
844 829 776
782 810 783
779 770 840
774 803 838
797 788 799
795 857 799
822 782 773
804 837 849
840 851 841
827 770 847
771 833 802
836 794 801
829 857 831
806 802 844
837 828 841
794 842 791
776 829 848
825 857 843
830 782 846
780 822 836
789 793 802
800 847 776
832 803 807
854 829 777
836 839 806
842 813 792
773 820 797
824 795 777
833 780 830
814 810 832
798 825 820
840 849 809
803 786 809
807 791 857
843 848 794
817 801 857
850 776 802
814 812 838
824 851 814
780 784 778
781 841 815
787 846 770
849 839 772
776 802 852
819 796 829
814 799 833
820 771 779
787 828 772
804 834 815
833 777 770
848 782 786
840 798 807
813 806 830
825 828 831
774 833 775
795 834 787
804 797 796
790 822 792
827 840 776
845 800 798
820 780 787
851 809 848
820 817 824
782 788 857
787 774 802
805 780 846
824 791 770
799 790 817
808 842 796
827 830 808
835 807 841
811 825 828
829 857 773
823 784 783
854 786 841
856 848 804
814 781 792
813 793 822
817 847 823
793 773 776
782 785 797
774 787 775
811 837 778
795 832 803
786 846 800
852 813 799
811 824 814
770 788 832
777 836 821
779 851 809
854 796 795
853 815 839
790 807 852
815 850 798
782 822 787
834 787 857
779 845 784
842 826 857
838 819 813
828 851 780
784 797 850
782 771 816
779 773 796
840 775 807
821 854 811
843 786 825
780 787 816
772 848 830
835 811 783
783 802 837
784 817 829
849 851 789
780 784 782
817 807 813
844 807 828
775 816 785
813 791 853
808 840 836
802 838 813
776 788 792
803 838 823
809 804 793
818 776 810
823 773 814
797 822 807
780 851 773
798 841 818
811 829 812
778 848 823
856 775 805
780 827 817
805 816 790
811 798 834
775 818 838
822 839 856
842 772 856
817 818 797
776 843 779
796 799 793
776 797 821
783 850 817
855 779 775
780 805 797
779 839 855
787 809 782
846 779 791
835 850 823
781 797 841
857 796 786
835 848 830
846 779 843
813 779 831
829 839 788
791 811 775
854 837 819
798 777 801
799 841 773
781 814 848
819 816 844
832 831 838
784 772 799
817 819 791
824 777 780
819 818 812
846 805 821
771 845 818
839 810 838
797 785 774
771 819 778
822 850 801
823 812 824
857 828 837
788 849 830
815 826 848
779 816 847
813 774 823
797 856 819
783 855 833
813 812 801
795 822 774
794 831 835
819 814 834
840 852 848
796 780 813
819 776 798
821 837 812
798 846 851
852 818 837
788 778 844
826 857 829
818 796 812
813 847 803
829 803 793
848 826 777
777 788 798
781 775 856
843 841 786
786 825 851
791 846 773
841 825 827
786 834 848
847 856 843
784 797 795
789 829 800
827 849 806
838 790 822
834 830 803
827 801 854
843 836 841
829 816 785
814 834 782
828 835 831
808 801 780
838 801 802
795 819 786
837 807 829
797 803 813
857 772 831
794 786 815
794 800 826
789 786 779
833 814 838
816 770 785
828 784 821
774 828 841
770 776 817
784 788 786
788 842 812
798 856 838
853 835 785
771 774 791
789 775 770
841 794 845
788 827 798
850 852 797
775 794 800
805 831 802
857 784 799
795 812 848
787 814 806
822 825 780
800 822 806
780 781 808
805 803 784
789 851 837
842 806 843
817 796 808
789 772 853
821 816 820
773 850 803
799 792 850
834 846 857
836 850 826
788 806 853
832 815 812
793 814 856
855 815 826
770 785 818
823 835 802
815 811 851
779 791 799
781 783 844
850 819 777
770 805 810
782 837 774
815 840 839
851 770 830
787 800 807
791 813 836
811 782 772
789 839 771
783 800 812
807 771 823
796 846 794
807 797 847
831 778 852
837 799 777
796 850 781
845 778 803
817 848 844
830 845 857
819 779 826
851 815 857
786 849 850
784 844 825
845 806 808
854 812 793
809 829 837
821 771 812
820 813 799
830 787 809
799 781 772
833 829 772
848 800 824
773 771 837
826 800 775
834 840 779
834 856 799
772 820 827
856 795 776
844 795 837
849 805 806
851 848 813
785 782 813
799 851 774
801 839 815
808 784 797
845 836 837
834 821 833
803 785 833
838 812 813
784 807 771
849 821 790
826 849 847
781 773 815
831 800 794
830 799 812
854 830 781
808 770 795
811 780 815
847 824 803
840 775 805
838 827 845
822 854 781
835 816 837
790 845 775
773 820 810
799 774 796
807 790 847
853 824 778
811 851 772
797 841 855
787 841 804
774 797 833
852 845 808
819 857 772
806 832 785
780 846 789
795 828 835
807 800 813
841 778 821
770 779 845
787 851 789
780 810 802
781 846 830
814 856 817
805 799 782
785 831 792
848 839 790
783 781 831
779 841 815
848 831 841
852 776 773
824 822 779
813 851 822
849 840 784
814 837 817
848 837 802
827 839 789
782 852 806
821 844 832
791 781 805
835 830 851
780 802 831
857 850 829
807 812 849
841 795 770
788 835 811
845 853 779
772 838 802
827 813 828
852 819 842
824 801 777
856 770 785
800 812 807
829 849 807
834 821 848
808 827 811
785 812 796
829 801 850
846 800 819
829 772 814
838 852 783
778 835 807
840 801 834
854 809 774
845 853 843
837 847 832
856 848 819
839 770 821
813 807 823
814 782 836
780 785 774
779 844 780
838 794 846
789 771 842
828 776 838
828 838 850
835 806 787
782 798 795
846 847 834
787 841 835
840 807 835
801 850 789
793 820 823
773 813 797
810 855 801
805 820 781
831 815 808
843 787 775
770 789 788
844 833 851
857 772 835
804 788 830
797 846 780
770 794 840
815 776 791
792 835 811
828 856 827
796 834 809
852 849 838
811 809 823
809 854 845
770 818 846
843 789 824
814 783 806
798 857 832
781 803 770
788 816 779
774 793 844
802 806 849
808 814 824
812 836 803
830 841 834
779 846 853
787 820 793
818 792 801
801 794 834
855 784 772
841 836 808
792 790 836
813 819 801
802 848 825
771 786 807
851 777 829
841 772 771
799 781 849
850 772 844
780 802 835
834 842 818
826 773 789
798 807 794
839 844 833
784 830 792
770 830 774
788 856 774
830 856 816
849 782 815
821 797 792
841 806 850
815 800 840
817 806 839
846 813 780
842 830 851
842 781 780
771 825 810
826 855 782
810 832 802
813 832 820
784 802 805
783 816 781
816 814 799
830 776 851
852 827 802
771 778 856
798 832 823
849 815 818
800 811 827
853 822 789
811 803 775
818 837 820
779 777 800
792 823 778
826 789 794
852 822 785
820 810 797
794 803 834
790 853 813
801 841 803
856 857 849
851 792 824
788 820 794
782 780 796
810 848 792
825 796 857
832 835 826
771 854 833
795 833 808
804 786 771
