59
618 483 805
699 752 579
815 572 562
817 589 433
787 513 713
464 687 861
713 654 868
692 490 722
624 400 739
719 835 474
527 723 501
886 510 866
809 887 590
629 580 858
419 542 772
864 536 680
403 763 802
831 860 552
748 507 424
571 462 835
487 791 720
794 420 464
631 608 804
713 711 604
408 701 715
596 396 448
740 800 630
510 633 585
660 867 464
730 402 472
761 396 798
707 653 413
584 871 481
879 598 708
603 554 753
537 830 563
649 639 655
694 879 770
855 430 602
473 544 514
425 559 714
554 645 726
852 865 878
862 657 735
701 728 686
459 685 451
470 831 654
606 510 505
553 706 582
431 798 823
527 639 480
725 718 762
628 849 654
837 788 533
600 421 482
768 806 590
395 598 665
523 542 567
475 754 528
