724
917 936 910
908 917 911
942 908 920
930 941 901
931 943 910
923 909 929
918 907 904
927 929 933
938 905 936
926 944 906
923 910 915
909 921 902
931 905 915
933 918 932
925 903 941
943 918 907
943 936 930
903 934 906
925 923 920
941 935 932
913 944 934
930 911 901
915 920 928
925 938 939
918 912 908
940 931 914
932 916 942
942 929 917
943 918 906
942 907 934
910 913 927
919 909 925
918 904 928
913 941 943
936 902 903
906 916 910
924 920 922
919 905 917
924 936 927
911 933 927
915 926 930
918 942 934
917 908 901
914 929 904
917 935 915
934 929 944
912 924 939
912 944 903
902 941 903
919 921 938
928 938 941
901 939 943
910 932 930
902 925 904
923 915 908
925 909 901
914 926 920
940 929 904
908 912 917
917 913 911
916 936 917
937 940 927
902 910 942
905 931 919
941 944 913
926 905 927
910 901 913
909 906 903
922 919 911
944 924 911
940 910 927
927 941 933
915 918 924
935 928 915
926 903 942
926 904 923
931 936 915
908 940 914
932 933 919
917 942 929
930 924 917
939 943 915
912 934 924
918 904 911
922 938 901
921 915 932
916 918 939
910 936 926
904 929 921
944 923 911
908 938 918
923 944 930
901 902 935
926 934 906
904 926 944
917 919 940
914 932 938
920 927 928
936 903 937
927 940 931
912 943 940
913 938 928
940 926 913
940 926 920
912 902 910
940 905 927
931 918 908
941 926 918
922 923 910
926 912 932
904 913 917
908 931 902
912 942 903
919 940 937
916 908 907
921 934 943
936 931 937
921 914 926
944 930 932
912 903 935
944 929 931
908 921 941
930 903 926
910 907 926
916 923 926
935 941 937
933 939 938
908 918 905
922 925 931
912 922 925
903 909 911
923 929 916
909 924 922
933 906 928
942 907 905
905 924 927
942 922 915
930 937 916
918 927 915
930 901 922
940 927 923
931 908 919
914 942 907
910 925 902
914 942 902
924 926 941
901 939 940
942 938 925
911 932 936
902 935 941
940 919 939
911 910 915
926 909 915
931 937 943
917 905 944
929 935 904
925 902 912
933 902 942
944 907 910
931 902 927
934 903 917
903 905 938
941 914 912
943 912 941
933 928 920
923 936 922
924 917 916
928 917 940
920 918 928
930 940 903
943 921 919
932 902 935
902 928 925
939 902 906
930 932 933
936 929 907
944 904 921
926 915 943
921 903 906
916 904 911
933 927 944
906 936 916
917 938 903
918 912 931
937 901 905
915 914 926
921 912 908
915 912 942
929 923 936
944 917 910
938 908 925
935 933 939
930 908 935
909 921 941
940 918 903
905 941 918
906 942 915
940 930 938
923 942 944
926 903 902
931 902 941
935 928 917
932 906 939
901 903 924
924 917 928
923 920 922
917 941 938
921 922 924
906 941 932
913 910 906
939 937 926
929 936 910
940 943 912
933 931 905
935 931 912
910 901 927
931 901 905
915 937 944
902 914 922
919 915 924
943 903 937
912 910 903
908 933 903
916 938 913
936 919 942
938 931 920
906 901 931
941 902 939
934 913 903
917 901 933
941 931 937
908 902 940
930 940 927
902 923 937
924 933 931
926 910 916
921 907 906
904 925 913
903 916 926
934 915 920
944 927 918
928 925 906
918 920 907
916 930 903
930 904 915
926 925 939
928 923 910
914 942 928
918 915 902
941 912 907
924 914 930
909 910 918
938 931 904
901 929 906
901 920 915
935 934 933
905 930 902
908 929 939
931 936 941
927 904 920
911 933 906
925 932 939
939 924 919
942 910 923
906 931 928
906 941 927
918 937 922
903 933 931
914 906 920
917 940 938
907 901 913
915 928 934
911 939 908
919 910 908
921 927 918
918 902 910
908 919 941
942 936 905
928 905 943
935 913 936
915 942 905
932 915 927
921 908 935
912 918 909
930 933 937
944 938 936
911 906 934
920 938 914
912 902 939
912 901 910
940 922 921
940 911 932
931 903 915
908 913 918
931 934 944
915 902 925
919 934 915
914 935 905
929 903 942
933 931 902
932 901 929
932 901 928
943 925 934
926 943 911
929 925 930
929 932 935
916 943 926
909 912 903
935 928 927
936 915 937
929 917 937
922 903 907
944 936 902
942 928 920
921 904 907
918 934 937
917 933 901
901 906 905
903 908 926
925 908 911
926 933 929
933 925 924
917 920 916
939 904 905
925 912 935
907 941 936
917 906 921
937 920 901
928 907 909
909 915 903
903 908 916
912 905 937
932 912 927
942 927 909
941 924 930
903 940 917
910 929 923
936 930 920
933 920 912
905 930 924
932 907 916
919 930 917
913 931 904
917 940 927
924 902 936
939 916 921
908 929 938
915 943 906
920 935 932
906 923 941
936 927 941
934 919 906
936 937 919
923 907 904
926 940 923
903 905 925
911 916 938
915 924 912
933 921 901
914 935 925
918 905 930
904 926 922
931 933 925
935 905 927
916 943 932
938 913 914
914 941 930
944 913 943
930 937 938
930 928 922
927 933 938
918 930 932
926 910 913
916 942 935
905 919 928
909 920 938
928 943 914
917 936 912
915 920 931
934 911 939
930 925 924
937 910 901
926 915 907
914 936 939
903 926 904
939 930 905
903 914 921
903 924 941
931 933 903
924 913 903
922 940 936
938 907 914
913 932 927
929 930 909
934 928 925
924 933 914
917 902 943
942 905 906
930 924 931
918 927 935
918 905 937
938 928 929
932 914 912
934 943 931
912 919 924
940 924 935
905 910 919
943 902 913
927 922 910
916 942 903
925 934 914
937 924 943
924 922 914
919 929 937
939 920 930
925 933 902
933 931 929
943 939 909
944 927 929
926 929 904
928 940 927
936 904 933
909 939 943
907 930 939
941 935 936
901 923 913
919 912 904
914 934 933
944 938 917
915 929 902
943 912 903
923 915 926
942 932 901
942 902 916
903 933 902
914 911 927
915 921 909
918 912 923
926 914 942
944 927 916
917 927 902
913 944 931
939 913 910
927 929 926
912 941 902
921 927 907
935 926 916
912 930 920
927 935 924
909 911 941
941 932 929
918 932 913
913 902 903
942 932 902
934 928 918
916 934 919
905 914 918
903 944 941
924 941 929
901 911 923
925 919 924
904 936 922
902 901 937
941 920 913
930 937 918
912 920 919
924 902 915
919 905 907
930 907 914
910 917 904
937 927 902
921 913 929
902 922 927
932 912 930
926 901 921
933 934 942
913 929 926
922 943 909
932 915 930
925 907 904
903 930 934
908 922 901
905 915 941
909 941 935
933 928 931
924 916 927
930 927 942
914 927 928
936 940 918
908 925 918
942 931 910
912 938 926
907 909 930
918 927 928
926 912 909
915 933 940
911 936 931
917 923 934
917 910 913
910 903 917
943 902 921
917 939 922
923 917 937
933 910 943
920 917 933
913 904 932
906 930 911
937 915 920
916 918 943
927 926 942
902 938 943
937 917 926
924 910 920
921 934 902
913 918 926
925 918 916
916 921 917
927 924 913
928 903 917
940 931 925
934 915 944
942 919 934
934 939 909
941 927 929
905 906 922
930 915 928
903 927 908
943 909 944
911 932 901
906 926 939
904 918 930
939 942 920
908 926 925
923 902 938
922 943 931
911 936 927
901 912 907
908 937 935
938 932 906
909 917 903
944 919 939
943 940 927
912 904 910
927 929 913
919 915 936
927 933 918
920 922 907
912 906 918
922 929 934
939 927 940
912 924 923
933 904 943
902 926 937
918 912 944
914 939 913
925 931 940
905 923 922
912 905 909
917 935 907
921 930 918
916 935 908
937 902 940
904 909 923
940 905 943
918 908 914
905 908 932
937 922 923
908 934 926
928 903 925
920 940 908
925 907 923
916 904 932
913 905 914
927 928 921
901 933 925
933 929 904
929 925 910
936 941 937
911 934 907
916 937 935
916 922 926
940 907 917
909 908 911
904 933 931
938 935 904
936 928 905
910 926 907
933 917 904
935 904 943
901 934 902
906 934 911
925 902 911
917 931 920
910 920 903
929 921 917
912 943 931
928 931 915
931 944 936
925 936 903
934 926 930
940 914 924
936 903 943
938 940 927
928 938 929
911 934 917
909 923 904
930 926 932
921 929 905
929 923 917
939 942 923
919 912 943
941 937 931
939 928 915
915 903 902
934 911 915
933 913 928
943 920 937
911 936 908
903 923 935
935 923 916
924 904 908
909 944 934
919 902 934
909 939 916
921 919 932
902 921 929
905 935 910
944 910 915
929 931 912
908 939 943
902 920 901
918 932 921
920 933 907
919 932 917
933 918 914
902 918 915
929 938 915
929 902 933
938 929 936
926 918 910
917 919 931
911 903 916
902 917 937
919 939 912
909 932 902
911 941 914
936 909 931
918 906 941
909 903 906
901 904 908
903 907 935
942 912 926
929 905 901
929 914 941
901 908 917
905 928 912
932 924 926
936 915 911
938 928 903
917 909 918
901 922 915
906 918 922
902 920 910
944 913 904
901 927 920
938 929 939
925 913 901
930 915 920
902 942 931
918 901 943
914 902 913
924 902 944
944 924 904
913 907 910
909 914 915
940 922 944
929 925 908
914 915 916
913 920 934
919 916 942
916 926 904
912 934 905
905 913 936
912 920 922
944 935 916
935 939 938
931 910 934
911 901 944
908 907 931
918 943 936
902 930 918
929 905 927
921 939 943
907 934 903
920 916 918
931 909 924
922 907 912
907 931 928
912 908 911
912 938 906
904 923 901
915 906 927
927 913 919
935 941 912
941 928 934
931 911 915
932 905 921
919 929 931
931 938 910
921 915 934
907 940 930
903 919 906
916 938 928
937 924 914
901 922 903
904 902 918
944 932 901
904 908 921
928 927 902
918 903 911
922 936 926
938 942 928
942 940 925
927 924 943
